stdev = np.array([0.00502513, 0.01005025, 0.0201005 , 0.04020101, 0.04522613,
                  0.05025126, 0.09547739, 0.10050251, 0.10552764, 0.20100503,
                  0.36180905, 0.44221106, 0.56281407, 0.64321608, 0.7638191 ,
                  0.84422111, 0.96482412, 1.        ])

stdevupdate = np.array([1.25      , 1.44736842, 1.64473684, 1.84210526, 2.03947368,
                        2.23684211, 2.43421053, 2.63157895, 2.82894737, 3.02631579,
                        3.22368421, 3.42105263, 3.61842105, 3.81578947, 4.01315789,
                        4.21052632, 4.40789474, 4.60526316, 4.80263158, 5.        ])

Tffparam_vals = [0.0, 0.03125, 0.0625, 0.125, 0.25, 0.5, 1.0, 1.25, 1.5, 2.0]

Gssparam_vals = [0.00000000    , 5.02512563e-03, 5.52763819e-02, 1.05527638e-01, 
                 1.55778894e-01, 2.06030151e-01, 2.56281407e-01, 3.36532663e-01,
                 3.87035176e-01, 4.57286432e-01, 5.07537688e-01, 5.57788945e-01,
                 6.08040201e-01, 6.58291457e-01, 7.08542714e-01, 7.58793970e-01,
                 8.09045226e-01, 8.59296482e-01, 9.09547739e-01, 9.59798995e-01,
                 1.00000000e+00, 1.50000000e+00, 2.10714286e+00, 2.71428571e+00,
                 3.32142857e+00, 3.92857143e+00, 4.53571429e+00, 5.14285714e+00,
                 5.75000000e+00, 6.35714286e+00, 6.96428571e+00, 7.57142857e+00,
                 8.17857143e+00, 8.78571429e+00, 9.39285714e+00, 1.00000000e+01]