96.26521259482325 0.5 0.557788945
92.73344319540072 0.5 1.5
95.20262170719924 0.5 5.14285714
89.15430591027093 1.0 0.0
95.80382956208543 1.0 0.0
89.53452063434031 1.0 0.0
89.06802434798517 1.0 0.0
96.2904213899879 1.0 0.0
86.82189856206095 1.0 1.5
88.12694696082896 1.0 0.0
91.23606032912834 1.0 10.0
86.92190911229372 1.5 0.0
87.66627864141549 1.0 10.0
86.87624786102882 1.5 0.0
90.24934683884157 1.5 0.0
86.82188806184419 1.5 9.39285714
87.28633958229562 1.5 10.0
88.93837002929367 2.0 0.206030151
86.82188656666204 2.0 0.909547739
91.93846949359985 1.5 8.17857143
