1.5 1.5 1.5 1.0 0.959798995 0.557788945 0.0 0.0 0.0 
2.10714286 2.10714286 2.10714286 1.5 1.5 1.5 0.0 0.0 0.0 
3.32142857 2.71428571 2.71428571 2.10714286 2.10714286 5.14285714 0.0 0.0 0.0 
3.92857143 3.32142857 3.32142857 3.32142857 3.32142857 4.53571429 0.0 0.105527638 0.0552763819 
1.5 1.5 1.5 1.0 0.959798995 2.10714286 0.0 0.0 0.0 
3.32142857 3.32142857 2.71428571 2.71428571 2.10714286 3.32142857 0.0 0.0 0.0 
3.32142857 2.71428571 2.71428571 2.10714286 2.10714286 2.10714286 0.0 0.0 0.0 
3.32142857 2.71428571 2.71428571 2.10714286 2.10714286 2.10714286 0.0 0.0 0.0 
3.92857143 3.32142857 3.32142857 2.71428571 2.71428571 2.10714286 1.5 0.0 0.0 
2.71428571 2.71428571 2.10714286 2.10714286 2.10714286 2.10714286 0.0 0.0 0.0 
5.14285714 4.53571429 4.53571429 4.53571429 3.92857143 3.92857143 10.0 0.105527638 0.0552763819 
5.75 5.14285714 5.14285714 4.53571429 3.92857143 3.32142857 3.92857143 0.0 0.0 
5.75 5.14285714 5.14285714 4.53571429 3.92857143 3.92857143 10.0 0.0 0.0 
4.53571429 4.53571429 4.53571429 3.92857143 3.92857143 3.32142857 3.32142857 0.0 0.0 
5.75 5.75 5.14285714 5.14285714 4.53571429 4.53571429 5.75 0.0 0.0 
10.0 8.17857143 7.57142857 6.35714286 5.14285714 3.92857143 4.53571429 9.39285714 0.105527638 
4.53571429 3.92857143 3.92857143 3.32142857 2.10714286 1.5 0.75879397 10.0 0.0 
10.0 10.0 10.0 8.78571429 6.96428571 5.14285714 3.92857143 4.53571429 0.206030151 
10.0 10.0 10.0 8.78571429 6.96428571 5.14285714 4.53571429 4.53571429 0.909547739 
10.0 9.39285714 8.78571429 8.17857143 7.57142857 6.96428571 6.96428571 8.17857143 0.959798995 
