21.68071 24.541748 -30.913534 -42.272625 -33.95576 4.1694527 -5.191284 27.75447 -13.687889 24.49942 -2.232563 7.5808296 20.871994 17.204285 -22.582418 -46.73372 -31.884863 -9.473003 -21.858755 31.23944 38.33779 49.4545 23.184258 -49.742207 29.996399
-22.187275 -28.710756 25.341286 -38.396896 44.62777 -27.296246 7.273506 32.244858 -3.2960014 39.239838 25.452103 -11.96693 25.375542 -11.745922 -26.562347 15.232605 -36.2647 33.504517 17.93705 9.411438 31.210426 -12.019089 -35.61779 -12.9576 30.770988
20.440208 -2.438301 -29.762245 15.977188 42.23945 31.629204 47.867416 -12.639351 35.802406 -46.319695 4.665573 10.570526 -29.054161 -34.6445 41.60067 38.847984 40.61731 -25.299345 -2.0003738 -10.733768 -23.089537 37.663948 -46.386875 47.131668 -16.056309
29.439072 1.9648743 -1.8359375 23.026535 15.366341 24.554611 14.938202 -3.7209435 34.325226 1.6253281 -9.07439 39.385544 25.867462 -42.734406 -30.496254 3.0506058 36.43242 11.091457 5.1097107 -3.0461197 44.85044 -35.260063 23.067184 -34.939163 -47.02334
-45.138973 28.823395 12.043823 -39.18548 12.752197 41.92623 43.157974 -34.630135 15.490074 9.525753 39.707527 -3.182682 -35.368046 -49.053448 6.016342 -32.517845 38.310066 37.839874 42.661957 -35.677082 -37.326313 -8.315735 -33.1762 20.168388 -33.732285
45.662155 35.05258 -35.223873 -12.165791 -47.948593 31.388039 -20.685709 -18.328959 -49.990612 15.772362 43.169266 8.914661 10.693134 5.7148323 8.513313 37.449524 0.13408661 20.490883 9.083515 40.00992 -24.133587 1.6927185 -33.91666 10.651833 -43.50492
7.5587883 -5.1451454 37.781067 -3.0421448 -42.62433 23.372719 -23.434465 -28.669373 -18.263674 29.72129 -10.469894 44.097534 10.454975 -6.6533203 41.295616 7.760273 30.546501 10.011005 -31.3586 8.28389 -41.112453 -29.513357 44.751648 -2.1364174 -3.3316002
8.922665 44.663933 -37.051098 -1.8789177 -11.511837 -44.961662 -8.570469 24.16848 41.204346 -7.8435745 32.116333 6.6609383 -49.296703 -29.355198 8.95565 -4.305725 -7.22583 -25.08339 -31.605867 22.033676 5.927437 -4.713112 -29.50731 -49.865696 36.84929
-48.095406 10.034191 29.581894 -27.69675 7.2488136 14.725227 17.331322 42.347557 35.242287 -31.726309 -11.302929 38.03917 29.333412 -41.320164 -41.39263 40.40361 48.68566 -42.002804 48.076637 -20.87193 -34.999115 -35.285362 -34.032593 8.085125 -16.618622
49.69706 49.995064 -32.567856 45.211555 -27.26979 -22.732548 27.406158 22.547623 -49.24281 22.38086 33.732155 -14.1677475 43.42167 6.2723885 48.034058 -29.261412 0.22481155 -17.656906 17.8665 -13.480728 -8.659794 32.165085 33.923195 40.854805 -32.680775
-42.156944 36.922195 13.129288 -28.702847 -44.42935 -11.627285 29.997292 -18.75813 -5.598934 3.8556976 -47.031437 -9.676289 13.79567 -23.690525 -30.000345 -7.188671 -20.447052 -8.05574 23.328575 6.501587 -23.289385 5.0283966 34.626358 2.5210724 -45.900513
-11.940651 -36.88584 49.78102 22.100105 -44.606018 -33.764164 29.415596 -37.8587 -37.28161 37.731552 5.1348877 11.127342 -5.908634 41.560074 -19.224596 -11.93338 1.4360123 -46.676968 -34.110348 -49.176117 -47.83494 48.811295 33.557236 -18.86667 40.77207
-15.424892 28.624458 14.213333 37.69944 46.94036 45.73478 22.63964 -42.393837 7.780426 -12.297085 -33.800076 47.66922 13.775623 17.715576 24.408516 -36.172466 -34.24711 -26.475964 -14.252258 -19.296322 -47.46714 -37.927032 15.956184 -46.798367 -17.037098
27.63285 47.035675 25.665321 0.50655746 -25.263952 19.034477 18.837952 42.901596 19.234123 30.04255 18.980812 -35.39961 -5.517578 -4.2780266 10.233414 -1.7079506 25.981583 -3.353382 -39.13124 21.981956 1.486351 -27.798952 14.148605 42.23465 12.992901
48.870712 26.915031 45.57525 -42.66678 -17.499985 -34.684547 38.969467 -26.283619 36.061028 44.269592 -0.94877243 -48.793385 44.94951 40.73417 27.894539 -28.83356 11.375725 -42.984013 -29.66186 14.712746 21.15866 -25.661812 -30.345778 38.306946 2.5011482
-42.54247 -8.872692 -20.480589 23.639618 -30.248697 -12.870804 39.073708 49.102577 33.998833 34.188095 -11.414738 21.531334 -37.957085 -38.945225 37.39512 -20.310364 -12.226875 43.755577 34.476425 34.297447 44.32138 -21.235481 -8.246098 24.1083 -39.06189
18.539673 -30.664482 -38.368355 1.6402588 -44.49142 34.179466 -28.694597 21.703407 -37.078022 -20.102003 -46.834885 -9.960011 44.521866 -1.8702965 41.20295 26.969116 -48.833824 -31.884083 22.648666 -8.98399 9.663391 37.41925 -2.6862411 -29.955568 30.923943
31.491066 16.617767 -26.356392 36.309746 -22.007591 9.392441 40.245636 35.532646 -29.656202 -49.219093 -15.968658 -3.2367935 49.11113 31.918022 -18.38869 -33.684166 16.496399 43.017853 4.0284386 -7.4563637 33.815475 -17.99448 22.499657 15.8858185 42.854324
-29.190454 17.006134 -7.943474 -32.664124 -18.004946 33.682503 -38.83201 3.8300514 -23.786392 33.72512 -22.434357 -12.133232 27.023766 24.886864 -34.89209 -33.68917 28.867027 -12.183201 -30.859562 -29.092703 30.952248 10.023891 -47.549156 4.2122498 11.00341
-7.558441 -25.227367 13.229759 12.943466 -41.701515 27.178993 15.018951 6.3860703 20.84935 -24.287056 23.847557 -39.566483 6.9468803 7.1722145 -5.816002 -43.110752 44.14421 -14.962189 -45.831635 -16.810852 -22.860703 -40.12281 -20.533836 40.514343 17.147026
43.670113 21.110176 -27.611252 41.587067 -44.50394 -40.98939 20.644455 30.154022 5.941063 -27.44841 -23.937613 42.019257 -40.70548 -19.211908 -3.0191612 -31.292227 -27.9738 41.136154 32.422836 21.53421 21.313187 7.613037 -23.06598 30.013779 26.297173
-4.142811 -26.900854 5.7732925 45.07834 -38.62482 38.51983 -26.765247 -49.43452 -12.830399 49.38379 -30.487356 17.840935 -0.40579224 26.836288 -14.242546 -15.787296 -12.775387 27.774529 -47.788437 40.393066 -11.006882 2.7821045 -41.12448 45.69439 26.748016
42.317505 -48.699776 -38.246925 -46.609715 -44.976997 41.44718 34.175095 -17.009064 -22.519615 -5.776985 40.024902 44.629654 13.564785 -19.93651 -17.280216 15.430923 -29.341408 -13.378368 25.832703 -7.3230743 48.46869 -43.43668 34.208122 -33.24866 3.8866272
9.324066 -8.970028 -35.61444 2.10437 19.738152 -15.832375 -8.01199 -4.509468 -1.3033257 40.77027 -42.612198 13.400711 -38.85862 -44.596577 -7.145523 13.1290245 0.3447609 19.166252 20.41481 15.836227 -14.436581 -27.705935 -15.9583435 -35.4974 33.92305
11.320007 17.692863 -26.010738 -5.30587 -20.786507 26.517273 30.736885 18.02298 4.64872 48.501526 30.154472 3.7886505 41.412277 42.922203 -26.871881 41.339653 -1.9193497 -19.27532 -25.906206 37.913292 -12.947365 47.58615 39.277267 -25.690958 19.295242
20.164902 -22.695147 26.942862 42.51606 22.167702 -5.909029 -23.063856 -28.374922 -5.5364537 22.761038 23.649557 43.013336 -25.772053 1.7258028 -16.7269 45.27898 28.756472 5.2361054 -23.951355 11.924999 -32.508923 -6.9848537 -37.31413 25.801231 -47.397385
