91.27723295289034 0.5 0.0
91.2564682492871 0.5 0.0
91.23545989029564 0.5 0.0
91.1968602635226 0.5 0.0
91.24994891531301 0.5 0.0
91.01510386803511 0.5 0.0
90.77965723816432 0.5 0.0
92.23079007999688 0.5 0.0
92.09461907491519 0.5 0.0
92.24357114866146 0.5 0.0
89.19905868447896 0.5 0.0
89.75234165254219 0.5 0.0
88.01079275979062 0.5 0.0
87.20131917163573 0.5 0.0
90.38667761349728 0.5 0.0552763819
93.8405924466148 0.5 0.0552763819
90.30380411246125 0.5 0.00502512563
89.47062835196662 0.5 5.14285714
