-49 26 -3 35 -45 43 6 0
-13 30 -30 39 25 -38 7 -43
31 -24 44 45 -49 -45 -36 49
48 -31 -34 -47 -24 -8 -19 -18
3 23 18 -48 17 -29 -34 -24
6 33 23 -6 35 10 19 -18
40 37 -14 -29 -39 43 -50 -8
-7 44 -26 -2 -43 36 38 -24
-25 -41 -31 34 -30 41 17 28
18 41 10 -7 26 -16 -12 21
12 -10 -40 -16 -16 -19 4 23
15 27 -10 -3 -21 5 -22 -4
-10 47 -40 -42 -29 -24 -9 -20
-43 42 -32 23 5 11 -12 -31
36 -13 -34 -34 14 15 15 35
-16 -46 47 22 3 40 -22 -36
-24 48 41 15 16 48 -12 19
-28 20 -44 5 33 43 -45 -50
45 -39 -20 14 -34 -10 -39 25
-28 16 1 2 -48 -34 -38 -23
-13 -38 21 32 -38 -21 47 23
3 -2 38 -42 -6 -45 42 -14
-32 30 29 3 -24 18 17 -27
2 4 -16 -50 43 -28 -48 -31
37 22 38 49 -15 35 21 31
-19 -25 -29 16 34 14 20 8
-32 -45 -50 -13 29 40 28 44
-18 38 -4 41 21 -47 26 -23
22 -16 41 -41 -23 -24 44 -47
17 47 14 17 -29 -27 -24 -46
0 -32 -18 -33 29 28 -10 -30
-10 20 -28 -32 38 11 25 -38
-43 -10 -49 24 22 12 27 -12
-23 -50 15 8 -42 -33 1 46
-2 26 -21 -10 18 34 -26 45
10 2 20 -33 29 -20 -43 -31
43 24 32 -20 31 42 -4 3
22 34 -6 45 -7 31 -31 26
30 -11 2 16 -47 -7 44 -42
-10 -18 -41 10 12 23 10 46
-18 42 47 -9 -29 34 -42 0
-8 21 -31 -8 -13 36 -7 -19
-23 -19 29 15 -12 28 -9 25
-48 -36 -18 49 -8 7 1 6
12 -24 36 36 12 20 -8 3
33 42 -28 -2 23 6 -10 42
-33 -29 24 -50 37 44 -8 48
