46874.637 3753.4739 8536.992 10094.62 -2847.9814 -155.61397 4049.0483 -16761.195 -2081.5747 -2171.5012 12528.378 -5691.489 -1196.87 -10951.149 -1846.0544 -1506.8533 -1990.5713 756.8171 -2831.065 6493.6475 2653.9202 -10845.167 402.5812 1101.6405 -7972.3403 -4916.796 -4745.609 -12238.277 1229.3175 -6246.5576 -240.93292 -244.26225 11270.824 8481.192 2418.9182 -5644.673 8044.797 -5276.667 -3590.9907 2792.3457 2541.9731 -1772.5511 11714.971 -9363.998 5154.034 -934.133 860.84326 4233.766 1731.5688 4000.238
3753.4739 45953.996 4153.688 -721.0084 5123.8726 357.2378 434.31662 -4234.868 -8881.816 -11764.042 1713.5237 3403.4094 -2812.9304 -4783.74 -1180.6714 -8856.988 -11828.07 2101.4824 -8580.161 -798.357 1980.554 1156.7246 937.89154 -494.2931 4903.0034 4445.4556 346.35452 1247.4 8707.021 8978.377 3550.9893 -8555.341 -3305.5713 -3820.0317 -11892.8 -454.60596 -2279.4736 -2241.1987 -924.21027 -8409.129 -1608.3009 -982.5554 1748.0151 10808.396 2352.418 10445.308 -3519.7861 69.82305 1679.3282 7669.7754
8536.992 4153.688 34846.81 -527.4592 1192.4775 2060.0098 -4071.9773 -2360.3757 -8253.135 -4585.826 5859.6445 -144.69696 1209.2607 3713.22 -10249.577 10934.012 -569.4431 11617.39 -7566.1733 2280.5447 -1920.0337 -3827.3188 -1931.5181 476.2014 -3686.6282 4201.856 6580.5063 5128.615 1597.5679 262.25095 -6833.06 7034.624 254.40501 -466.8764 -787.52356 -7519.8193 2256.2446 14468.696 -3061.4854 -1479.4515 102.01031 6643.891 5579.213 728.62445 4559.027 1058.5873 -3412.4521 -3895.8281 -457.0268 5683.2026
10094.62 -721.0084 -527.4592 43436.21 5497.039 -5545.8394 10534.868 -8176.927 8028.0864 2329.759 12614.246 -4688.8774 -5562.5386 -4405.2114 10111.082 8137.2793 -12816.018 -1149.4575 10442.375 -2233.8037 2438.2136 -2279.1104 1677.3922 10513.248 13192.658 -1628.9108 -2195.288 -8062.052 3868.1047 -9745.604 -1722.1228 927.84015 -2541.9194 -8299.009 -4772.5825 -3246.9204 1976.1292 -9919.396 -3329.11 -982.868 1218.0288 7472.242 11696.033 -7096.336 9469.724 1515.4944 3305.867 3474.9807 8140.881 -457.20926
-2847.9814 5123.8726 1192.4775 5497.039 42444.85 3483.293 15636.635 6291.814 -6167.1562 1685.474 -5133.4863 -5460.2163 -2756.8604 9567.577 3417.9146 -2486.68 79.1809 12425.512 1826.8157 6802.2773 1928.8314 6824.249 5640.2285 3209.2039 8319.517 -1547.8947 2304.9905 11081.317 -4519.9224 -495.71573 3200.9373 4368.95 -8117.101 -7552.178 6356.3164 -1594.1008 2054.9531 -7029.556 -7464.934 -10304.613 -1967.0496 14478.545 236.6454 -3117.1045 1930.7206 13049.465 -4502.5845 -772.84155 -2152.7456 -2038.7478
-155.61397 357.2378 2060.0098 -5545.8394 3483.293 54141.156 6817.552 4149.7856 -2615.0857 -2725.1748 719.20135 2326.2964 -4461.944 222.31303 -4102.1006 -5472.1733 12203.856 -302.55057 -5900.6416 5643.2246 -5993.4604 242.1244 12027.292 2354.379 -767.1776 12653.477 6167.7007 10028.774 -5858.0703 8436.747 -8451.984 4928.0454 3417.6777 6931.046 4811.607 -6579.6655 -573.22626 262.91376 7654.0737 2469.4805 12702.725 3450.4397 -3499.869 -217.90181 5462.5347 -10780.4795 -1227.53 3966.1116 6191.1113 -7438.8057
4049.0483 434.31662 -4071.9773 10534.868 15636.635 6817.552 45413.23 8820.37 -5643.8413 6890.4155 -4112.489 5110.8677 -6954.728 9624.365 4170.4756 -4004.5273 3203.015 -2068.0393 2509.7783 1413.1877 -2512.2224 -48.657173 8124.8066 10556.608 2799.5845 -6428.8716 -626.3221 4325.4194 -5552.2827 500.26874 4779.4263 146.17882 -8429.423 -706.6057 -2609.493 -5207.469 -1526.0764 -457.53564 4183.159 -1459.1008 -3421.6 7690.6123 5117.7256 -4578.79 -5065.3857 2299.4463 -1064.876 -5899.1333 -1280.6517 -4474.4355
-16761.195 -4234.868 -2360.3757 -8176.927 6291.814 4149.7856 8820.37 43623.324 -7357.053 1778.3573 -5707.405 11435.156 -182.13345 5113.5605 2023.669 3429.9507 9107.509 -887.2645 6615.9414 -1911.1364 -143.25496 1590.677 -1324.1703 -386.42465 -5262.336 5332.5566 8781.177 -1303.2513 2018.7518 727.76355 5018.1885 5419.7046 -4757.031 -2260.6807 508.22543 -4777.6104 2792.5913 7560.647 3720.1265 -5486.476 2900.6116 6410.255 -2668.2727 -1624.5377 -5853.0303 3104.3027 6076.939 -1488.8378 -6419.8916 -5358.135
-2081.5747 -8881.816 -8253.135 8028.0864 -6167.1562 -2615.0857 -5643.8413 -7357.053 40324.996 1218.0321 8478.719 -6294.8804 -12573.221 -5266.934 9457.561 4805.8115 -1935.1603 -10989.351 4387.8867 -2353.939 2716.6414 4906.8726 -7552.25 5889.9414 805.5102 -3654.2253 -7030.2754 -1232.104 5996.292 -5232.828 -12006.213 -11910.51 -3673.1301 64.590935 -855.0629 1211.5374 -2753.6875 147.24223 -960.72314 5440.767 1783.7388 4019.4553 -4925.031 -289.76813 1254.1405 4716.4077 5953.089 2981.923 1358.4211 1283.5421
-2171.5012 -11764.042 -4585.826 2329.759 1685.474 -2725.1748 6890.4155 1778.3573 1218.0321 48627.664 -6338.374 14183.79 -3029.7898 8216.239 -2824.5242 13324.644 7788.012 -4537.222 -1909.4397 -2707.236 -4163.4585 6445.7715 -2007.1177 5675.2314 -443.21716 -4182.155 5559.9824 -3842.5 -15278.023 -3422.4116 8331.477 3878.2036 -2612.0066 1343.7775 -171.25577 9138.025 -2198.2776 -5471.2817 1954.8867 -4120.908 4657.7954 6098.8164 -1587.5134 -4303.99 -1508.8053 -1701.3705 6526.479 3678.3503 1142.825 364.24905
12528.378 1713.5237 5859.6445 12614.246 -5133.4863 719.20135 -4112.489 -5707.405 8478.719 -6338.374 41462.29 -6719.5513 5026.9937 -12155.108 4626.162 4588.43 -3456.8171 330.42078 -5499.98 -3649.5312 319.19263 -6043.1855 4401.1377 -2308.2612 -3121.3687 7219.307 4182.919 -3335.2937 3110.1174 -6472.354 -4237.684 -3411.3408 3021.4253 7423.393 -2908.7786 -6450.258 3704.4 7127.721 -7134.7505 3123.1821 11612.068 -1374.2009 -4350.0317 -2062.5498 -6304.937 -847.65436 3412.677 -2734.0046 5819.5728 -2701.077
-5691.489 3403.4094 -144.69696 -4688.8774 -5460.2163 2326.2964 5110.8677 11435.156 -6294.8804 14183.79 -6719.5513 40241.445 -3696.9714 2444.6917 -1537.76 7806.6943 6582.1143 -6970.7695 -3973.5962 -7648.0757 -7138.5376 -2561.1047 -7635.006 241.45863 1324.5181 1936.4921 -5891.757 -8231.43 1587.6003 -2398.3254 2069.2837 11133.707 -5160.965 1070.7032 -5616.588 108.768074 6732.62 -1832.9032 5862.3003 -4675.7334 -845.55585 -6678.664 -7776.1597 18.253757 3579.2751 -4936.5625 1275.2493 -3541.5828 -895.7839 -1747.4218
-1196.87 -2812.9304 1209.2607 -5562.5386 -2756.8604 -4461.944 -6954.728 -182.13345 -12573.221 -3029.7898 5026.9937 -3696.9714 45478.734 1501.9648 -2457.186 -1829.9132 77.14215 2762.688 9328.096 -2101.9536 642.16425 4010.381 -4057.0786 -9111.671 -3464.1057 2965.6265 -8236.9375 7553.596 -7005.065 -363.28445 749.13916 9560.342 2609.8818 -6500.941 -2122.8826 5011.335 -2875.3354 53.209335 6288.919 4167.8623 4873.001 -4246.9062 11884.229 60.109596 -15483.335 -5505.3345 -2094.766 -4853.382 -1303.9581 -2086.217
-10951.149 -4783.74 3713.22 -4405.2114 9567.577 222.31303 9624.365 5113.5605 -5266.934 8216.239 -12155.108 2444.6917 1501.9648 39391.81 -2029.7454 3208.6328 8084.954 2836.0447 6116.131 -21.742407 -446.764 1041.8441 5078.7456 -1481.3397 -1593.9641 6320.0684 6497.2056 4492.9756 -11275.541 13946.891 6932.7695 7591.7153 -7113.541 -2538.3892 654.79974 5624.048 -189.19312 -1657.1188 3563.9978 -6019.8945 -7424.2314 15515.623 342.19995 455.7918 -13.329429 4849.233 -6624.2954 -7320.074 -2541.5386 1218.0565
-1846.0544 -1180.6714 -10249.577 10111.082 3417.9146 -4102.1006 4170.4756 2023.669 9457.561 -2824.5242 4626.162 -1537.76 -2457.186 -2029.7454 43928.508 5884.954 -15520.905 -1436.3276 7991.51 8577.648 -11673.521 4746.029 -6039.4023 7397.196 4559.582 1310.2748 -13236.194 -6592.282 2118.3154 -9563.481 15395.793 -4052.3132 -4691.213 -1546.1632 -3985.1484 817.5166 5189.0386 -1100.7728 3708.6377 4239.502 1780.5813 6959.594 -6025.837 -10039.831 3886.8481 2513.0034 1581.6514 -7455.8315 7760.582 -5231.008
-1506.8533 -8856.988 10934.012 8137.2793 -2486.68 -5472.1733 -4004.5273 3429.9507 4805.8115 13324.644 4588.43 7806.6943 -1829.9132 3208.6328 5884.954 46685.89 -1808.4789 5561.7646 7974.0645 -9722.516 3978.4812 6599.7944 -16107.38 1142.3728 -490.34305 5100.9795 2266.4905 -5798.9976 4925.4995 1917.8054 -4588.834 6301.472 -10222.562 6278.7607 -1823.0104 -2185.4336 330.79022 12090.518 -2249.8872 2458.593 -7386.908 -3123.3374 3073.9153 -1253.2312 2176.2458 -7587.6606 3574.2073 -3192.8552 -11198.502 5892.442
-1990.5713 -11828.07 -569.4431 -12816.018 79.1809 12203.856 3203.015 9107.509 -1935.1603 7788.012 -3456.8171 6582.1143 77.14215 8084.954 -15520.905 -1808.4789 42742.195 -5933.754 -2767.3271 479.27618 -658.68024 686.03876 3191.045 -4575.29 -5836.869 -502.5377 11943.798 7391.4927 -5128.9277 153.0989 277.41357 -265.85202 2011.3744 2206.6282 1654.427 -1559.6608 338.95273 -850.1201 -5592.1587 190.67384 -2141.4749 3177.6091 2077.493 3957.2864 -7033.2173 -3474.835 1610.6755 2390.6492 -2976.465 4736.354
756.8171 2101.4824 11617.39 -1149.4575 12425.512 -302.55057 -2068.0393 -887.2645 -10989.351 -4537.222 330.42078 -6970.7695 2762.688 2836.0447 -1436.3276 5561.7646 -5933.754 39184.1 2571.1843 -5755.7305 -1434.375 -2397.0972 -1356.3701 -3766.1707 9471.489 7410.3843 5546.312 2758.079 2467.6216 2973.8306 1435.1594 1665.0907 2809.5151 1917.3499 6051.2407 -8771.499 -3195.1565 9226.469 2203.9124 5967.018 -2651.1816 18349.63 4490.4863 -6243.218 877.87274 -5439.0063 -9145.649 4116.669 -5648.007 5472.3936
-2831.065 -8580.161 -7566.1733 10442.375 1826.8157 -5900.6416 2509.7783 6615.9414 4387.8867 -1909.4397 -5499.98 -3973.5962 9328.096 6116.131 7991.51 7974.0645 -2767.3271 2571.1843 45663.145 -3222.0437 3983.48 -3322.856 -8618.624 2490.884 177.69807 4447.272 -9593.4795 -2359.3984 -2459.9126 8107.8896 -245.09981 2009.0507 4916.7593 1476.1876 -482.08035 -6606.898 -13808.645 -5166.4727 3426.682 6878.84 -952.2814 10106.4 7441.2676 400.36377 -1600.4685 -7631.6577 -1462.8942 7263.1187 628.35944 -5587.0312
6493.6475 -798.357 2280.5447 -2233.8037 6802.2773 5643.2246 1413.1877 -1911.1364 -2353.939 -2707.236 -3649.5312 -7648.0757 -2101.9536 -21.742407 8577.648 -9722.516 479.27618 -5755.7305 -3222.0437 38582.684 -6538.0747 493.9655 4142.181 782.40375 -1224.2231 729.42786 3384.4907 12394.206 -11867.677 -13809.358 6861.946 -4399.3433 1246.1997 -1889.2148 1280.6748 11758.357 10713.587 -2397.282 -10500.858 6271.1733 -5396.049 4825.0264 53.247513 -3168.4392 -70.76933 9091.733 8387.035 -5030.7866 8495.661 5196.026
2653.9202 1980.554 -1920.0337 2438.2136 1928.8314 -5993.4604 -2512.2224 -143.25496 2716.6414 -4163.4585 319.19263 -7138.5376 642.16425 -446.764 -11673.521 3978.4812 -658.68024 -1434.375 3983.48 -6538.0747 36359.59 -2903.9192 -5929.7666 5161.2188 95.47818 5755.473 272.51422 -832.5089 -1114.1549 4354.0015 -6091.58 -4661.5806 7635.6826 -297.22714 -326.48755 -2475.7808 -2984.247 1870.7205 5625.9893 -5645.1313 2415.6055 -8236.3955 8811.329 13141.94 -6720.0044 -1622.4231 -3857.5664 -6787.6616 -13827.753 3293.3237
-10845.167 1156.7246 -3827.3188 -2279.1104 6824.249 242.1244 -48.657173 1590.677 4906.8726 6445.7715 -6043.1855 -2561.1047 4010.381 1041.8441 4746.029 6599.7944 686.03876 -2397.0972 -3322.856 493.9655 -2903.9192 39284.957 -3195.106 6408.475 13096.384 -8550.505 4542.673 21068.86 2105.7324 -5019.0015 6333.426 -2289.4224 -13440.295 -11185.366 4185.244 9002.966 -306.71417 2347.769 2911.3135 2337.9177 -6764.6875 -4851.9272 -4005.5227 7413.1016 8543.126 4088.7356 6487.9053 -3862.5789 -7977.557 -3820.0776
402.5812 937.89154 -1931.5181 1677.3922 5640.2285 12027.292 8124.8066 -1324.1703 -7552.25 -2007.1177 4401.1377 -7635.006 -4057.0786 5078.7456 -6039.4023 -16107.38 3191.045 -1356.3701 -8618.624 4142.181 -5929.7666 -3195.106 34202.598 -2524.5073 4001.2183 -2030.2966 12923.489 1915.2188 -3293.1797 8140.7856 3544.1025 2776.0012 -827.7184 3408.8066 7748.9883 -4125.8013 2477.4275 -5155.707 3406.5579 -7116.8604 97.59178 2811.8564 3902.8672 -5150.101 -4262.4287 -1844.8116 -5624.621 6186.639 640.70374 -8452.802
1101.6405 -494.2931 476.2014 10513.248 3209.2039 2354.379 10556.608 -386.42465 5889.9414 5675.2314 -2308.2612 241.45863 -9111.671 -1481.3397 7397.196 1142.3728 -4575.29 -3766.1707 2490.884 782.40375 5161.2188 6408.475 -2524.5073 41455.418 -582.808 -3441.9937 -7870.4883 -710.3691 -3478.4 -9873.353 -1918.7473 -1287.1028 599.5378 -4095.433 -3465.7993 2456.1672 3128.6802 1834.0396 3207.036 -6350.4883 5926.96 9455.916 8039.2593 1976.2411 9451.968 315.30682 -3423.544 -199.4457 1740.5929 -10422.085
-7972.3403 4903.0034 -3686.6282 13192.658 8319.517 -767.1776 2799.5845 -5262.336 805.5102 -443.21716 -3121.3687 1324.5181 -3464.1057 -1593.9641 4559.582 -490.34305 -5836.869 9471.489 177.69807 -1224.2231 95.47818 13096.384 4001.2183 -582.808 38338.367 4482.324 2773.1396 4284.5776 3923.736 -6327.5293 6221.1606 3395.9465 -3456.4365 -3419.6597 2924.426 10593.041 -7330.6714 -2221.427 6387.6875 62.495525 -1205.4596 -328.5095 -311.52444 5939.385 10880.241 2501.4038 -2763.8982 2266.8242 3004.2495 3077.1628
-4916.796 4445.4556 4201.856 -1628.9108 -1547.8947 12653.477 -6428.8716 5332.5566 -3654.2253 -4182.155 7219.307 1936.4921 2965.6265 6320.0684 1310.2748 5100.9795 -502.5377 7410.3843 4447.272 729.42786 5755.473 -8550.505 -2030.2966 -3441.9937 4482.324 40196.05 3259.8914 -7817.7173 -938.3276 5647.722 -5190.773 7453.319 9013.483 6873.8125 372.18274 4137.769 -4219.547 9149.308 9924.945 -1727.128 12238.169 -950.023 1677.2594 4164.6416 -2643.735 -423.2651 -565.93097 2144.1904 9599.606 4559.7334
-4745.609 346.35452 6580.5063 -2195.288 2304.9905 6167.7007 -626.3221 8781.177 -7030.2754 5559.9824 4182.919 -5891.757 -8236.9375 6497.2056 -13236.194 2266.4905 11943.798 5546.312 -9593.4795 3384.4907 272.51422 4542.673 12923.489 -7870.4883 2773.1396 3259.8914 43182.05 7409.2314 -5770.8833 -4862.1465 1530.1556 336.06546 -5430.6094 994.7755 1370.6487 18.336475 483.62427 1270.509 -8768.201 -4994.342 1707.2645 1356.0619 401.7473 3598.9255 2625.8025 -1849.8993 11860.944 3474.7578 1921.6388 3170.6838
-12238.277 1247.4 5128.615 -8062.052 11081.317 10028.774 4325.4194 -1303.2513 -1232.104 -3842.5 -3335.2937 -8231.43 7553.596 4492.9756 -6592.282 -5798.9976 7391.4927 2758.079 -2359.3984 12394.206 -832.5089 21068.86 1915.2188 -710.3691 4284.5776 -7817.7173 7409.2314 45000.316 -1653.0422 -2854.805 1331.9321 -12652.521 -4271.248 -8126.501 -1003.5754 -756.65875 -3033.2356 1326.4751 -7145.458 9641.022 -3361.9258 7004.889 -625.2645 5679.57 -1697.6681 4964.057 6065.3096 -8823.593 3120.5112 -7267.2236
1229.3175 8707.021 1597.5679 3868.1047 -4519.9224 -5858.0703 -5552.2827 2018.7518 5996.292 -15278.023 3110.1174 1587.6003 -7005.065 -11275.541 2118.3154 4925.4995 -5128.9277 2467.6216 -2459.9126 -11867.677 -1114.1549 2105.7324 -3293.1797 -3478.4 3923.736 -938.3276 -5770.8833 -1653.0422 38736.94 4076.1912 -4461.463 -1302.0739 -797.37573 6871.832 -4752.5596 -13671.6455 -106.425385 9788.633 3255.5356 -4676.844 4281.089 -1843.8468 5378.1406 -5079.4155 6814.9604 4113.747 -762.3824 -1071.4534 -5460.269 2057.0188
-6246.5576 8978.377 262.25095 -9745.604 -495.71573 8436.747 500.26874 727.76355 -5232.828 -3422.4116 -6472.354 -2398.3254 -363.28445 13946.891 -9563.481 1917.8054 153.0989 2973.8306 8107.8896 -13809.358 4354.0015 -5019.0015 8140.7856 -9873.353 -6327.5293 5647.722 -4862.1465 -2854.805 4076.1912 50614.777 2907.1658 1004.6683 5899.1084 11484.805 -1366.0082 145.62782 -10368.301 4284.099 15814.264 1348.5527 3387.8015 4412.3853 -1761.3972 11173.395 -6040.255 1366.6293 -17572.629 2713.9072 -10288.469 -1610.5908
-240.93292 3550.9893 -6833.06 -1722.1228 3200.9373 -8451.984 4779.4263 5018.1885 -12006.213 8331.477 -4237.684 2069.2837 749.13916 6932.7695 15395.793 -4588.834 277.41357 1435.1594 -245.09981 6861.946 -6091.58 6333.426 3544.1025 -1918.7473 6221.1606 -5190.773 1530.1556 1331.9321 -4461.463 2907.1658 40718.684 -3371.9082 -3067.4739 672.74164 2065.4607 2934.3396 7410.447 -357.63464 2086.406 6381.1343 -539.40546 4731.9473 5164.72 -2523.189 911.79675 8426.836 -1038.4196 -9196.493 1819.4092 -2227.1963
-244.26225 -8555.341 7034.624 927.84015 4368.95 4928.0454 146.17882 5419.7046 -11910.51 3878.2036 -3411.3408 11133.707 9560.342 7591.7153 -4052.3132 6301.472 -265.85202 1665.0907 2009.0507 -4399.3433 -4661.5806 -2289.4224 2776.0012 -1287.1028 3395.9465 7453.319 336.06546 -12652.521 -1302.0739 1004.6683 -3371.9082 35643.24 919.21466 2191.8237 1058.8926 3837.2996 6573.1562 761.0351 15677.673 -5372.685 7421.166 -10055.051 -1513.5017 -2119.9153 6218.187 -5117.703 -930.9655 779.3225 1481.2793 -4171.0903
11270.824 -3305.5713 254.40501 -2541.9194 -8117.101 3417.6777 -8429.423 -4757.031 -3673.1301 -2612.0066 3021.4253 -5160.965 2609.8818 -7113.541 -4691.213 -10222.562 2011.3744 2809.5151 4916.7593 1246.1997 7635.6826 -13440.295 -827.7184 599.5378 -3456.4365 9013.483 -5430.6094 -4271.248 -797.37573 5899.1084 -3067.4739 919.21466 39685.34 10751.103 -2476.4214 -5004.9385 -4953.9844 5294.835 6123.1104 3806.2095 20936.934 -3004.3474 -2667.527 5111.7983 -3848.0598 -6937.285 1072.5641 8161.35 9262.923 -5673.2783
8481.192 -3820.0317 -466.8764 -8299.009 -7552.178 6931.046 -706.6057 -2260.6807 64.590935 1343.7775 7423.393 1070.7032 -6500.941 -2538.3892 -1546.1632 6278.7607 2206.6282 1917.3499 1476.1876 -1889.2148 -297.22714 -11185.366 3408.8066 -4095.433 -3419.6597 6873.8125 994.7755 -8126.501 6871.832 11484.805 672.74164 2191.8237 10751.103 33685.125 10415.14 -8983.134 5636.249 4201.1514 8143.405 3963.7053 14563.273 -3613.8125 -5204.314 -3002.624 744.65875 -3155.4446 1330.8989 3739.128 -2228.5554 4419.248
2418.9182 -11892.8 -787.52356 -4772.5825 6356.3164 4811.607 -2609.493 508.22543 -855.0629 -171.25577 -2908.7786 -5616.588 -2122.8826 654.79974 -3985.1484 -1823.0104 1654.427 6051.2407 -482.08035 1280.6748 -326.48755 4185.244 7748.9883 -3465.7993 2924.426 372.18274 1370.6487 -1003.5754 -4752.5596 -1366.0082 2065.4607 1058.8926 -2476.4214 10415.14 40165.066 -4571.779 9851.863 -4046.156 2707.1528 3688.386 -1905.8081 -2996.371 188.7034 -7777.2427 8489.739 807.7126 1634.9541 10387.757 -4466.6113 9937.049
-5644.673 -454.60596 -7519.8193 -3246.9204 -1594.1008 -6579.6655 -5207.469 -4777.6104 1211.5374 9138.025 -6450.258 108.768074 5011.335 5624.048 817.5166 -2185.4336 -1559.6608 -8771.499 -6606.898 11758.357 -2475.7808 9002.966 -4125.8013 2456.1672 10593.041 4137.769 18.336475 -756.65875 -13671.6455 145.62782 2934.3396 3837.2996 -5004.9385 -8983.134 -4571.779 44709.184 -4551.8506 -3924.2927 1500.3856 -771.6146 -9420.302 -4268.321 -1349.5472 12869.663 4582.3823 9237.745 339.99283 -1067.0507 7469.35 5753.8965
8044.797 -2279.4736 2256.2446 1976.1292 2054.9531 -573.22626 -1526.0764 2792.5913 -2753.6875 -2198.2776 3704.4 6732.62 -2875.3354 -189.19312 5189.0386 330.79022 338.95273 -3195.1565 -13808.645 10713.587 -2984.247 -306.71417 2477.4275 3128.6802 -7330.6714 -4219.547 483.62427 -3033.2356 -106.425385 -10368.301 7410.447 6573.1562 -4953.9844 5636.249 9851.863 -4551.8506 46541.195 -4922.7725 3133.9363 6137.291 2169.637 -1571.3435 2506.959 -11446.262 12922.669 6075.8486 4561.863 -1221.113 -1776.7537 5363.077
-5276.667 -2241.1987 14468.696 -9919.396 -7029.556 262.91376 -457.53564 7560.647 147.24223 -5471.2817 7127.721 -1832.9032 53.209335 -1657.1188 -1100.7728 12090.518 -850.1201 9226.469 -5166.4727 -2397.282 1870.7205 2347.769 -5155.707 1834.0396 -2221.427 9149.308 1270.509 1326.4751 9788.633 4284.099 -357.63464 761.0351 5294.835 4201.1514 -4046.156 -3924.2927 -4922.7725 47652.113 1434.0747 3993.328 -3446.2559 -5607.6836 -1871.8594 1738.767 -5954.4404 -3338.0762 -689.0907 -6048.5815 -11613.159 -7205.8643
-3590.9907 -924.21027 -3061.4854 -3329.11 -7464.934 7654.0737 4183.159 3720.1265 -960.72314 1954.8867 -7134.7505 5862.3003 6288.919 3563.9978 3708.6377 -2249.8872 -5592.1587 2203.9124 3426.682 -10500.858 5625.9893 2911.3135 3406.5579 3207.036 6387.6875 9924.945 -8768.201 -7145.458 3255.5356 15814.264 2086.406 15677.673 6123.1104 8143.405 2707.1528 1500.3856 3133.9363 1434.0747 43127.906 8964.54 12754.842 -2860.5994 6026.99 2067.6687 -2975.5469 -4925.5083 -3625.5432 6015.313 -3062.6536 281.37384
2792.3457 -8409.129 -1479.4515 -982.868 -10304.613 2469.4805 -1459.1008 -5486.476 5440.767 -4120.908 3123.1821 -4675.7334 4167.8623 -6019.8945 4239.502 2458.593 190.67384 5967.018 6878.84 6271.1733 -5645.1313 2337.9177 -7116.8604 -6350.4883 62.495525 -1727.128 -4994.342 9641.022 -4676.844 1348.5527 6381.1343 -5372.685 3806.2095 3963.7053 3688.386 -771.6146 6137.291 3993.328 8964.54 36693.7 -4084.035 1805.1208 -936.0045 -3918.8435 695.0436 -1284.9631 10577.722 6298.2954 6570.8677 4118.241
2541.9731 -1608.3009 102.01031 1218.0288 -1967.0496 12702.725 -3421.6 2900.6116 1783.7388 4657.7954 11612.068 -845.55585 4873.001 -7424.2314 1780.5813 -7386.908 -2141.4749 -2651.1816 -952.2814 -5396.049 2415.6055 -6764.6875 97.59178 5926.96 -1205.4596 12238.169 1707.2645 -3361.9258 4281.089 3387.8015 -539.40546 7421.166 20936.934 14563.273 -1905.8081 -9420.302 2169.637 -3446.2559 12754.842 -4084.035 51202.664 1470.6901 -7974.8735 -1165.9576 -1272.5997 -860.3611 2361.3154 -877.9646 11658.882 -3670.744
-1772.5511 -982.5554 6643.891 7472.242 14478.545 3450.4397 7690.6123 6410.255 4019.4553 6098.8164 -1374.2009 -6678.664 -4246.9062 15515.623 6959.594 -3123.3374 3177.6091 18349.63 10106.4 4825.0264 -8236.3955 -4851.9272 2811.8564 9455.916 -328.5095 -950.023 1356.0619 7004.889 -1843.8468 4412.3853 4731.9473 -10055.051 -3004.3474 -3613.8125 -2996.371 -4268.321 -1571.3435 -5607.6836 -2860.5994 1805.1208 1470.6901 49208.418 7075.46 -7356.83 -1505.6844 8808.094 -7071.252 4388.664 4552.905 292.52426
11714.971 1748.0151 5579.213 11696.033 236.6454 -3499.869 5117.7256 -2668.2727 -4925.031 -1587.5134 -4350.0317 -7776.1597 11884.229 342.19995 -6025.837 3073.9153 2077.493 4490.4863 7441.2676 53.247513 8811.329 -4005.5227 3902.8672 8039.2593 -311.52444 1677.2594 401.7473 -625.2645 5378.1406 -1761.3972 5164.72 -1513.5017 -2667.527 -5204.314 188.7034 -1349.5472 2506.959 -1871.8594 6026.99 -936.0045 -7974.8735 7075.46 47276.004 -4152.165 -5111.4814 1083.1458 -6131.649 9255.813 1182.3748 6066.7686
-9363.998 10808.396 728.62445 -7096.336 -3117.1045 -217.90181 -4578.79 -1624.5377 -289.76813 -4303.99 -2062.5498 18.253757 60.109596 455.7918 -10039.831 -1253.2312 3957.2864 -6243.218 400.36377 -3168.4392 13141.94 7413.1016 -5150.101 1976.2411 5939.385 4164.6416 3598.9255 5679.57 -5079.4155 11173.395 -2523.189 -2119.9153 5111.7983 -3002.624 -7777.2427 12869.663 -11446.262 1738.767 2067.6687 -3918.8435 -1165.9576 -7356.83 -4152.165 31544.033 -678.8944 7024.209 1965.3213 -1697.2188 307.4198 67.024734
5154.034 2352.418 4559.027 9469.724 1930.7206 5462.5347 -5065.3857 -5853.0303 1254.1405 -1508.8053 -6304.937 3579.2751 -15483.335 -13.329429 3886.8481 2176.2458 -7033.2173 877.87274 -1600.4685 -70.76933 -6720.0044 8543.126 -4262.4287 9451.968 10880.241 -2643.735 2625.8025 -1697.6681 6814.9604 -6040.255 911.79675 6218.187 -3848.0598 744.65875 8489.739 4582.3823 12922.669 -5954.4404 -2975.5469 695.0436 -1272.5997 -1505.6844 -5111.4814 -678.8944 41341.785 7051.121 4252.7925 4788.427 8637.636 -1038.126
-934.133 10445.308 1058.5873 1515.4944 13049.465 -10780.4795 2299.4463 3104.3027 4716.4077 -1701.3705 -847.65436 -4936.5625 -5505.3345 4849.233 2513.0034 -7587.6606 -3474.835 -5439.0063 -7631.6577 9091.733 -1622.4231 4088.7356 -1844.8116 315.30682 2501.4038 -423.2651 -1849.8993 4964.057 4113.747 1366.6293 8426.836 -5117.703 -6937.285 -3155.4446 807.7126 9237.745 6075.8486 -3338.0762 -4925.5083 -1284.9631 -860.3611 8808.094 1083.1458 7024.209 7051.121 35812.918 8371.742 -141.702 10091.222 2369.191
860.84326 -3519.7861 -3412.4521 3305.867 -4502.5845 -1227.53 -1064.876 6076.939 5953.089 6526.479 3412.677 1275.2493 -2094.766 -6624.2954 1581.6514 3574.2073 1610.6755 -9145.649 -1462.8942 8387.035 -3857.5664 6487.9053 -5624.621 -3423.544 -2763.8982 -565.93097 11860.944 6065.3096 -762.3824 -17572.629 -1038.4196 -930.9655 1072.5641 1330.8989 1634.9541 339.99283 4561.863 -689.0907 -3625.5432 10577.722 2361.3154 -7071.252 -6131.649 1965.3213 4252.7925 8371.742 38736.027 5585.448 11429.143 1733.0908
4233.766 69.82305 -3895.8281 3474.9807 -772.84155 3966.1116 -5899.1333 -1488.8378 2981.923 3678.3503 -2734.0046 -3541.5828 -4853.382 -7320.074 -7455.8315 -3192.8552 2390.6492 4116.669 7263.1187 -5030.7866 -6787.6616 -3862.5789 6186.639 -199.4457 2266.8242 2144.1904 3474.7578 -8823.593 -1071.4534 2713.9072 -9196.493 779.3225 8161.35 3739.128 10387.757 -1067.0507 -1221.113 -6048.5815 6015.313 6298.2954 -877.9646 4388.664 9255.813 -1697.2188 4788.427 -141.702 5585.448 37471.53 10379.55 593.2149
1731.5688 1679.3282 -457.0268 8140.881 -2152.7456 6191.1113 -1280.6517 -6419.8916 1358.4211 1142.825 5819.5728 -895.7839 -1303.9581 -2541.5386 7760.582 -11198.502 -2976.465 -5648.007 628.35944 8495.661 -13827.753 -7977.557 640.70374 1740.5929 3004.2495 9599.606 1921.6388 3120.5112 -5460.269 -10288.469 1819.4092 1481.2793 9262.923 -2228.5554 -4466.6113 7469.35 -1776.7537 -11613.159 -3062.6536 6570.8677 11658.882 4552.905 1182.3748 307.4198 8637.636 10091.222 11429.143 10379.55 41321.92 -7841.273
4000.238 7669.7754 5683.2026 -457.20926 -2038.7478 -7438.8057 -4474.4355 -5358.135 1283.5421 364.24905 -2701.077 -1747.4218 -2086.217 1218.0565 -5231.008 5892.442 4736.354 5472.3936 -5587.0312 5196.026 3293.3237 -3820.0776 -8452.802 -10422.085 3077.1628 4559.7334 3170.6838 -7267.2236 2057.0188 -1610.5908 -2227.1963 -4171.0903 -5673.2783 4419.248 9937.049 5753.8965 5363.077 -7205.8643 281.37384 4118.241 -3670.744 292.52426 6066.7686 67.024734 -1038.126 2369.191 1733.0908 593.2149 -7841.273 42864.688
6.2791247 -22.561892 42.704216 -21.490229 -4.448846 8.128889 -37.923798 -24.921957 -16.15255 21.45867 24.824432 -10.862312 36.724976 30.92084 32.441345 -47.482487 38.563026 49.65439 -40.286972 -33.783607 8.913869 -8.322499 2.5875344 5.477211 7.2912526 23.370972 38.11589 22.879753 20.178337 -31.416283 37.323647 -29.521818 -34.236465 -40.684845 41.680496 4.9228435 48.853107 15.242099 -24.025963 -19.91926 3.9390638 4.707207 30.035854 -8.007295 31.457489 -45.664078 17.118626 -19.012125 37.62597 9.700867
