-45.068424 -3.3440957 -28.58693 -29.934027 30.22004 22.906322 -38.047688 12.886348 38.84688 -9.313304 -42.374165 -21.51079 21.588842 -45.50954 -43.41022 -29.989782 -12.560225 14.498911 -19.100725 -30.670086 32.802486 1.6301425 9.379342 -34.175713 35.481945 -12.043093 -38.77722 10.098796 15.727288 23.176888 -28.745916 1.6576896 -1.009167 -8.370843 13.573224 4.2981257 -39.021557 -23.767076 48.30059 4.255833 13.159205 4.7555413 25.587193 4.0035553 -46.518238 20.565575 -46.24532 43.48192 -25.858582 -7.776381
-19.41152 -36.202137 0.95318276 36.72005 11.28985 -15.648736 -41.346508 -16.434551 45.58881 17.376919 40.8193 -30.747087 24.341051 -7.0392833 -10.555664 -8.184325 35.5998 -33.88311 -22.581308 -16.64065 -48.97273 42.542233 23.666481 -27.616251 12.282179 -44.513348 21.736488 15.27981 35.627327 -39.012154 -46.382698 -8.14176 -38.16438 -24.030508 35.189148 22.291578 13.352871 -48.5843 -47.851044 -34.893158 5.3898306 39.024704 -9.62526 2.9069407 46.047405 47.490196 42.525364 31.37165 8.713753 27.576565
32.80942 -9.784249 15.844232 33.03144 28.34273 -22.31585 20.549877 -27.530865 42.50076 -1.2196277 30.299377 -0.49610692 49.060062 27.306553 4.258192 34.846848 -16.276028 -1.4918567 0.90577877 -17.088255 -6.510786 21.300724 -16.571623 36.98691 -39.224323 -5.248836 -6.1098084 -22.702518 -6.0351405 -44.398804 -38.579853 45.698174 -42.99477 -32.391724 2.919771 0.8854633 41.490433 -2.6996315 -11.741362 -2.2203403 -28.570131 3.2548892 40.997223 -46.43456 6.726911 -17.469748 -7.569022 -2.563671 -14.612123 4.4904857
9.304536 -21.313223 -20.200102 41.182755 -48.344444 -43.141785 -48.091324 -17.25431 27.335335 21.759264 32.74439 -46.517723 41.02877 -31.269531 1.9452072 37.900642 6.5365562 17.731993 35.528854 -39.509747 39.709293 -46.95153 -42.64073 -6.104953 -31.079973 25.816385 26.23379 -49.69711 -14.782895 -39.956787 -25.73779 -17.430626 35.882217 -13.935134 -30.9681 -26.547821 -12.107816 22.184662 2.2498605 33.63371 40.190113 -18.387924 39.585426 -32.811283 -46.441216 -45.38114 44.604824 46.66245 -7.233217 44.06332
-41.438015 -35.435646 22.086678 -3.9407606 23.545261 -2.0294602 -49.10483 -26.742638 -21.182198 -22.960333 -28.088251 -34.0015 7.901858 -2.8983474 -43.05074 3.2012644 -7.724491 32.762352 32.275684 30.933367 22.89243 9.052816 36.333942 48.411232 17.929329 -27.24382 49.797695 33.045235 -39.659332 -46.6928 -49.37443 19.94641 2.4960132 -6.1824474 30.721144 -2.9841237 -22.527641 -7.1740327 -48.534874 -41.54685 -46.850018 -21.486732 19.167374 20.148823 25.76836 -42.253128 -2.221323 22.254805 -10.68706 -34.46542
-32.622005 -30.979181 11.83542 -8.225274 0.34606194 39.516064 -27.816912 -1.023043 -8.773808 13.34358 -1.8619493 21.27229 5.9054966 21.161667 7.5066805 49.005173 47.288948 -3.9517083 -22.757025 -20.701471 -42.4106 49.00989 -2.7078464 -28.157173 -44.969204 -29.235802 -8.362686 40.355297 4.231871 45.229652 34.01012 -4.256811 -48.58181 -42.792294 -29.683609 -38.291542 24.65005 15.52165 -43.009544 7.5625296 -35.249454 -16.463741 -12.550171 -27.311573 5.70274 -24.88746 -46.15801 -31.117435 -35.83728 -49.209396
-21.449528 31.26886 18.843548 -27.177195 29.76478 -39.849598 -33.803238 43.208748 -14.175824 -45.305145 1.8785051 36.57251 -10.548071 34.545334 40.12637 7.794163 10.725638 29.952564 -43.497185 -40.868443 10.834044 -11.755948 -31.868282 2.08391 24.913754 -3.4650304 -10.759456 -31.12082 6.924979 -37.610672 9.47523 7.662997 -48.90759 -38.780983 -6.8519087 5.754839 21.978931 -27.08257 -9.258258 -34.571285 -41.588818 29.202583 -37.955402 -6.8615813 29.07701 27.362011 -29.797556 -23.553274 -9.439841 11.739976
-41.612076 27.774746 -6.8515277 -35.75139 -44.133125 -7.978243 8.408276 -28.883242 -15.124211 29.285433 18.710953 26.706898 33.59687 -1.5964417 -24.091177 -39.407375 1.6417335 -39.41865 -47.164906 -26.898476 -23.437304 -4.003658 29.80968 -23.440784 8.228303 -42.05777 20.898033 22.494902 -34.150517 3.5138183 31.501055 -20.352976 -12.636718 19.45326 -35.512367 -1.4458466 5.7749434 -47.96864 6.3357415 -13.637576 48.822094 -37.187904 -9.523923 17.771284 -46.917915 -40.547215 -13.647054 -22.035109 -3.6475337 27.8177
27.270878 48.66221 -7.947232 46.551567 -11.505417 1.4872547 -42.01642 6.9237385 -19.105791 -41.762833 45.056583 3.4025588 -11.6064415 -46.174862 0.12271686 -42.881824 -34.7099 46.05904 -6.4150524 -24.328596 -16.753088 14.027265 11.6336975 2.798492 41.521713 21.316282 49.052586 -11.492992 35.70776 -30.056122 25.336716 -13.257807 23.64483 14.932664 24.156992 -47.9245 34.109493 -35.179493 -17.367275 -15.688941 48.98416 18.292974 3.6336732 1.12851 41.424553 3.4599879 13.139325 44.27345 28.21994 -17.812344
-48.777958 48.839703 -12.627535 -22.802952 -19.556252 -6.203041 31.395489 37.64435 37.926292 -45.27192 15.362084 23.955301 -48.68644 -23.39051 -48.05369 -14.471431 35.867756 -36.245583 -44.29658 -7.443061 17.151867 32.541855 -9.954339 42.539093 4.4201975 -0.25308397 41.843098 44.035995 33.960045 -26.208536 -41.443634 -49.985886 -42.877823 -35.590157 -44.84567 29.258545 -25.844584 36.597675 -35.28314 2.7424467 -24.734842 -39.50621 10.254656 47.432827 -1.993631 37.93388 25.351973 -4.5116267 -0.70809615 6.0535316
-5.319859 44.610733 -29.444351 -20.864822 7.698724 21.694025 -0.7004431 -28.952902 29.893534 -33.38923 40.49429 -40.72613 10.683976 -15.978858 16.908802 -44.933506 -26.447042 22.173826 9.588904 -37.84592 36.503075 17.087294 0.8209868 -0.8471618 18.847044 42.350685 -35.583103 -6.5418253 18.571423 42.25209 -15.064144 -30.985943 32.856606 27.436323 33.354702 -6.3409333 -40.143215 46.15397 27.259806 -28.843601 42.192253 -24.14789 -44.035946 10.995532 10.113017 -21.787111 -46.868244 -5.7578506 -35.48072 -20.883886
2.5022843 -44.829235 9.147162 -39.498627 -11.28828 -45.76458 -25.335186 16.83593 12.89985 23.5021 24.749588 12.108961 -11.861995 -45.089565 -46.719383 -5.8473043 29.907082 -13.119976 -10.300768 -16.586752 -0.6377392 -15.028399 -38.760494 -31.671429 -20.049177 -33.95599 30.550985 -7.1958137 -29.679432 -9.619052 10.88159 14.640611 23.665693 17.878572 10.713946 20.196087 41.502964 49.603615 -35.035652 47.406315 -6.0970144 -47.24957 -48.246216 31.202188 42.41834 27.841333 31.116213 32.516796 36.236656 -45.975723
41.234264 -32.46041 48.962734 44.40369 37.413403 -13.693671 19.131298 -19.934195 36.633823 -38.663197 19.472324 -44.245953 -39.252632 1.9987197 32.407818 24.617949 0.10498442 23.79088 -1.9993032 37.058525 14.305143 -4.236345 -42.960552 11.415589 20.921234 -30.293512 6.566742 47.520824 44.030228 -44.76055 36.928623 -37.2719 33.23578 21.526783 4.26063 -35.373978 14.201497 35.694347 -43.372444 9.41632 45.41888 41.27538 39.064087 -22.294582 20.129936 36.01931 -2.8980327 -39.924335 13.068762 20.68856
-28.78539 13.977281 -29.72878 4.055908 31.344297 18.048914 41.57222 48.628883 -22.567448 17.352737 -24.623226 8.832603 19.864386 8.861083 28.322788 -11.080013 -1.5896649 12.317955 47.809315 21.981388 -46.377712 -29.914408 -21.774582 -34.247147 -13.0958395 -24.160187 19.793394 6.938443 -3.1830378 -4.0547853 12.127518 14.324384 -30.94621 -22.695324 -23.857868 31.753471 -46.17967 -49.82937 -33.036854 -15.405357 -15.855644 39.745712 17.273987 -17.908262 -4.6384945 -18.067364 -4.7430487 2.7617154 49.54687 25.76706
14.905172 49.794662 -18.292496 -20.414314 -33.606163 41.360695 -40.63127 -28.739637 -9.355217 -23.681316 -22.556581 12.569141 -17.576029 -41.499123 13.862874 -16.846992 40.668896 -39.541042 -14.446434 30.854025 -9.321078 -29.395956 -45.158207 13.918846 -29.290134 11.7117605 -22.737446 -44.98035 -2.733729 -13.144403 -10.424787 10.531984 45.491837 23.919268 -35.71038 1.5180081 21.678333 -48.14026 -18.069984 -1.768265 48.095226 -27.73203 -42.469902 47.94473 37.81543 19.953728 17.571424 5.8067436 40.40539 35.728775
-35.54273 -13.537138 -25.136213 27.3464 27.890757 -29.158972 39.374153 -25.043892 20.726658 31.759844 -38.86948 3.4734483 -44.4464 -47.369854 40.39917 -2.5155962 -34.51206 49.338078 -10.438666 -8.058582 -31.416998 42.63459 -43.11487 49.53341 37.384235 -45.656597 -41.787415 25.841692 24.059135 -34.99801 3.3695407 -36.241055 0.7112067 -30.62465 -15.57928 -24.62837 -35.92088 -1.4180094 -1.9849207 49.211258 -23.782837 39.11023 -35.107307 -12.281599 18.675587 3.0801215 30.968178 14.874097 -6.7798715 0.68153894
15.183341 10.564432 -0.8427819 -25.810522 -42.659748 -42.08619 -43.59495 -35.845173 47.14618 9.397907 2.4110358 44.273975 -47.7667 -23.748045 32.13118 49.192223 -33.784145 1.288434 -18.244762 31.238506 -19.986814 -12.115054 -38.453472 -41.701694 -11.706958 -20.773233 -0.73852265 -39.703606 21.957298 -46.785007 -20.397243 -27.088074 -49.507874 44.643215 -10.211429 -13.558133 49.24337 7.6113467 -18.966116 15.811833 -48.491634 -4.125646 -41.811497 -39.728745 -2.486413 -31.444908 3.1400526 -13.578473 -43.476147 45.346436
37.449196 12.086119 10.408308 27.510445 22.936836 45.253807 0.74284154 -14.346404 -37.188778 2.0907078 34.65279 28.90814 49.29024 -43.081768 -37.673496 21.848576 -15.115985 12.333445 7.7146206 -12.871342 19.23222 9.916785 -22.039015 -25.179598 24.64998 -4.2102304 -25.541521 48.9577 12.548324 -35.940388 -39.063496 26.91076 29.260574 11.466561 2.1960115 -47.22025 23.079212 -38.799644 -15.107153 37.663048 46.705063 -47.369244 -30.258553 -31.88086 34.752632 -31.989704 25.361664 -31.330038 16.95664 -7.2395215
-46.079937 -41.79449 -37.692932 -24.208418 23.895258 -39.9267 29.61307 25.539412 -5.6041465 -31.104008 -33.47322 -13.4288645 41.97422 20.907047 48.32304 7.7455144 -13.771487 18.150291 38.06201 5.349906 -20.00389 31.32648 3.180663 -27.176846 15.967879 -48.635906 -12.808044 14.899298 -19.262598 14.047692 40.94147 24.745983 -31.675001 3.4227262 32.341007 -6.6089787 29.338432 5.095875 23.331673 43.689255 -0.15142702 -3.3795137 -42.053356 0.35935783 -26.71001 13.249149 36.79586 -25.890951 -42.035915 -21.64389
-15.13163 8.351953 31.004658 -38.673103 18.406385 38.081276 -34.04925 -39.85689 -8.357544 -37.3986 47.31821 13.641775 31.973722 39.49709 -28.941214 -14.482432 -3.564859 45.822704 -9.492152 -3.186342 -20.866041 -38.27684 -7.5160832 -21.738184 -16.432959 49.550587 -27.973265 29.12626 6.118266 44.56485 -44.912163 47.458996 48.306534 24.961815 -40.555473 10.292799 -16.126694 44.30381 21.809994 24.111729 38.51498 32.868042 -47.206444 31.948914 -32.487076 5.462427 6.740139 19.930737 35.743847 -17.449453
9.611474 9.435859 -6.6641145 25.049082 -30.751457 44.30946 12.275953 -32.151634 18.350584 -48.20853 -26.657696 18.728716 -1.6886389 -6.155545 -6.4861073 -14.465087 -5.5862346 6.8740573 5.5789356 -3.0849092 13.08764 -47.993122 -8.840773 19.42945 -1.417753 -14.721219 -45.26781 11.647752 23.647676 43.85265 -41.12557 -42.06544 0.40668795 6.7328854 -30.141104 19.458445 41.473312 3.8830478 5.4349136 19.548843 -45.120655 35.352085 42.25056 1.6440344 41.90036 -15.672883 -34.9375 -7.2604027 -25.65701 -1.5718019
-35.234055 8.990133 19.898865 26.094608 -1.9542404 -38.990437 -19.233448 -21.454126 5.6338887 -22.161503 -5.381795 -14.087283 -33.23623 -21.072199 -23.81163 29.5833 -38.089535 -0.19760166 -49.37972 -8.157593 33.65587 20.240765 -13.656721 23.927183 31.337233 0.708907 -16.41553 -11.800797 29.120901 -4.259813 -41.62258 35.805725 -4.69581 -31.28303 0.88708097 35.88026 47.573593 22.243454 1.2011536 -41.16593 4.9251747 -45.599934 -26.887375 29.37246 8.454384 -20.222174 -45.818764 -36.87969 -33.758305 48.368744
-19.307215 -40.95388 -30.208363 -34.88923 -35.42507 43.06658 -21.109173 31.896738 38.335808 28.992334 46.29676 0.46172172 -37.377197 -31.898668 40.40717 -1.1735338 37.084194 -36.257915 -29.286804 37.659645 -14.183326 10.171254 37.192688 44.43041 -41.04905 -13.584336 2.949069 41.180637 14.294729 -35.692646 30.340492 -36.044983 26.384054 49.44944 32.64148 -22.05928 48.295002 24.884523 6.5489397 37.68017 23.21015 22.157171 -30.484882 -34.814293 -12.317509 -22.530867 44.02456 -0.8396678 10.542276 -28.950697
34.648815 -9.695955 -17.664886 45.275536 39.054375 24.298952 44.95615 -35.89773 -38.371017 -14.982808 35.34522 -7.04297 -19.957012 -44.23518 44.513695 -35.133835 -13.686993 11.082233 -47.572952 36.627285 -33.886196 8.083161 46.06672 -11.1723995 43.731007 -0.3450187 12.79493 -15.387329 -32.520565 -43.229973 9.12043 24.659752 -25.25085 -9.431315 24.592405 47.95671 37.437244 -25.819086 38.06837 31.057339 -22.571085 -44.321053 -7.3002105 -29.51946 19.589502 -10.863853 -6.313819 28.554121 26.092062 22.223045
-34.631855 26.152847 -1.9823132 -7.025632 1.9982903 -5.4170265 -40.859207 -21.285545 43.56018 28.611216 35.252716 16.481321 33.973194 -19.404621 49.55272 17.937372 -17.808907 2.2493703 -27.707157 23.47016 -11.015846 33.412895 -37.89228 -25.913113 12.310025 22.63567 -8.601199 37.155403 -47.68002 -34.37926 -1.5256777 -37.7469 8.654129 -45.86557 -15.243568 47.89375 -37.42008 16.954483 -32.226402 -3.6721263 -28.697947 -22.554113 -32.787525 40.753513 -49.10546 17.795172 28.253492 -41.81043 37.355766 -1.9733778
27.93363 4.503279 -42.508472 19.258533 -18.4626 -48.152493 25.095741 -16.613533 28.184597 -30.479515 41.51773 20.787062 19.070997 -22.583572 40.92539 -25.15604 -39.61957 -45.927937 14.689537 -10.963305 14.645366 -24.209166 19.237055 -3.320504 -9.905837 -16.01595 -48.670765 -43.300797 48.694195 8.314173 16.572622 22.017662 8.110186 20.877707 -25.694677 -36.266685 24.547237 -18.226068 31.313038 -14.657072 17.44462 -47.036255 17.544987 5.2097044 -15.358057 39.332962 -14.186227 -29.240051 -2.185723 -22.39781
36.201393 -8.810883 5.009405 9.723889 18.664007 43.008015 20.018633 -11.790083 39.19379 49.41876 -0.1922916 35.614998 -42.086136 -17.255384 -20.978167 43.85872 24.668095 -48.732876 -27.776731 -48.323997 41.001434 18.941015 -22.503565 46.67594 -17.175158 -28.56325 8.845355 -28.423344 9.635594 28.03868 -29.691378 35.373386 -24.527061 43.4354 10.173589 1.1395211 -18.915157 -22.329842 36.024616 -47.749237 49.85328 -44.361794 -19.989513 30.260006 14.136482 -5.8439636 34.075127 -20.404724 -34.642166 6.401739
18.12096 17.253754 -24.104105 -7.596836 1.8386544 31.84595 36.240284 -33.888004 20.01242 -42.05291 -31.001469 -28.095392 -10.804823 -0.65176404 31.008497 -32.034073 -35.590458 -45.51684 16.3151 1.4304858 -4.3351154 33.617622 -18.130917 37.90796 -25.542992 -38.74748 -41.285366 43.861633 -45.34088 -46.03892 -9.822497 -37.750095 -14.762246 -35.45445 22.476015 -17.583014 7.1056547 -35.912617 -16.118841 18.189037 -38.388306 -26.872255 -6.8808403 19.56598 34.54411 -2.8167036 29.283249 17.200348 37.064938 -42.512585
-5.642381 -5.3909683 -35.66385 48.468513 35.309814 -48.365242 29.876347 -1.6000266 31.277832 37.7743 14.908725 -30.037546 -40.492886 43.953907 29.134502 10.82031 -12.047885 -9.453859 42.489643 -16.99997 23.591604 -3.9093633 5.0797935 34.010532 6.1847863 -45.78483 -24.739275 -14.253112 -17.97915 17.97989 1.8744237 -5.9535584 14.124829 15.0943365 -40.770626 -5.22529 -11.111324 -17.66843 -19.174685 -25.733433 -22.837631 19.445042 -39.295788 1.9617174 9.314673 9.558453 -36.71187 -9.816619 -33.90183 -24.377922
-3.4757354 8.897111 19.799671 -28.027935 42.698086 15.980135 -10.383611 48.252747 5.00628 -40.682274 19.795101 -37.8171 4.011868 0.3416315 11.109623 33.37622 -2.525136 9.522766 27.586855 43.86788 28.363766 13.397014 -9.0463915 -25.397636 -39.38112 37.27479 46.29059 47.075645 -24.404121 48.43098 -39.171844 -20.910324 16.086851 23.657177 1.6418883 -0.65674126 25.773436 -39.388004 1.964879 20.31248 30.014345 16.574347 -33.165726 26.687332 -15.784984 9.783285 14.251659 3.6960697 -31.39427 28.403337
-30.902529 -44.81966 31.957188 -38.646473 -28.740723 40.461945 22.934568 20.827614 -39.711033 39.149982 -19.376945 38.770798 30.567717 46.325665 -23.449528 49.854618 39.738235 36.969162 -41.095585 -18.282122 33.151398 27.56067 -17.368895 -20.009666 32.052914 35.992195 49.45529 22.314133 -19.79404 -23.81512 4.0676208 40.48763 -4.893518 26.389486 43.8933 -9.051602 11.315492 48.48159 45.975315 9.278355 -2.5540197 -34.64522 2.2640834 22.763271 22.916832 -34.26569 3.5237136 -32.11454 -45.298843 40.58058
3.6411834 28.261864 -17.102375 14.483624 43.06449 -49.310448 9.792639 -14.771075 -12.95162 36.00321 -18.729609 31.599241 -21.383724 11.482712 18.76607 42.124752 -5.074409 32.220116 -18.106647 -15.3484 -18.970726 -11.925506 8.696306 -6.5748987 33.717896 34.627308 -3.0290775 -10.545301 33.848377 -6.671975 38.946743 14.025175 -5.148373 40.584812 17.14038 15.126437 43.048397 -30.63789 -1.722319 -17.89848 -2.9757855 -16.288994 43.560993 -23.561937 36.51025 35.775444 29.178406 22.8887 38.906677 14.029326
-45.76955 45.270737 22.739912 22.051424 6.8776336 9.757643 -16.206585 -40.42801 16.593124 -11.515977 22.590303 -43.72932 13.780274 2.2617438 49.8209 44.02022 -40.541973 33.58372 32.58053 -37.828777 4.038504 42.89375 0.28486946 41.090736 36.735725 11.35676 18.544546 43.18724 30.656298 48.80169 23.01259 -13.626735 -44.437637 7.0127873 -22.438908 -13.928986 -11.650817 8.327956 48.87758 34.779633 35.041164 49.163857 34.962425 23.406572 30.258915 13.337123 -40.546463 -0.26067355 45.73099 -17.744839
-0.5683833 -7.699015 -40.49266 -27.022564 -46.706856 -42.679214 -48.166393 -44.019745 7.7926455 -19.605072 -22.729942 -47.244686 10.490585 20.43054 -25.60673 -47.501495 -36.42571 -16.128887 -47.256317 12.858075 0.03780641 18.968884 -4.6018143 -40.121437 -29.30952 -42.649864 17.686554 40.719387 13.089067 16.74146 7.8144546 -23.937353 -14.827941 7.0162673 29.809296 41.905025 8.340912 -41.72404 2.5133839 34.385853 -5.900415 -36.0167 -39.378513 -24.045925 22.844622 33.194656 27.388762 -31.046152 11.744992 20.280146
-45.198875 -48.31455 -43.190636 4.2457967 23.00421 47.3305 41.662975 43.812016 49.69793 27.113869 -8.862185 -7.022138 14.314526 38.16845 25.524822 -5.580739 44.3715 -15.18638 20.497057 40.148155 -27.8503 42.172626 -15.809826 26.799036 38.823376 46.798275 -4.5906434 22.920874 -29.731934 -34.142353 -12.146215 0.9527727 -30.050617 20.197159 12.784794 33.037308 30.849003 -2.0090299 10.612809 16.087776 26.373922 32.717545 -15.549526 -16.898926 -5.5243134 28.79033 21.698267 4.368617 33.01607 16.24305
-16.149246 47.66494 24.255808 48.608723 45.835045 40.53144 36.534786 31.215263 -3.6982145 -17.36136 48.687366 -24.578205 -42.599888 11.144256 -5.6336637 -7.295544 -43.466415 20.84606 -47.248875 16.556871 19.355196 -48.345833 44.985134 -7.700114 -20.368906 4.4110394 33.87691 -25.047674 -29.350811 18.691624 22.593576 -20.807196 -43.580822 0.21901141 33.86123 -48.56392 49.4843 15.1178875 -31.059376 5.3394575 -8.43887 33.616455 -9.471349 -9.275597 -0.082107194 45.732258 27.230288 -19.98982 -10.834889 33.73284
46.22743 -14.416556 2.190264 -18.34626 -18.1182 37.32205 9.137141 -41.04969 33.880558 -27.427948 25.180761 -31.235579 -47.712273 -18.005484 -10.271371 18.894964 23.693771 32.63659 -25.17928 -37.48009 -39.366543 -33.07407 46.47615 -42.395264 8.0191145 -21.300682 21.87643 -34.744843 17.007935 44.68191 -49.978333 -31.498585 29.976927 48.821487 41.977627 -42.713318 -49.798115 13.616061 -42.971703 9.100978 -6.3194895 -9.707349 -38.881084 -24.039045 -9.823041 -46.96667 -31.99778 48.953857 1.3755664 23.182966
-47.849228 6.1611505 46.935837 37.884254 -41.57549 -25.169037 8.24327 47.661415 5.6858582 -34.130413 1.5688751 46.88701 10.863766 -16.762934 36.05635 14.960326 -47.38838 -43.144283 17.73392 -20.88459 -41.86121 -19.359535 -14.283274 -0.735283 -3.2220495 8.056554 -31.038042 -10.599774 46.61719 -5.450045 -45.1874 29.899748 16.736256 -1.5267069 -31.795225 -37.808895 -24.867392 49.230156 24.532904 -10.187438 33.556976 -33.241047 -48.652775 -21.564283 8.192005 -9.164624 27.867147 -4.6646504 32.975883 -36.042084
34.924232 -46.106785 17.339685 -6.461773 -37.979652 27.35222 1.8366724 2.4184759 -12.8479185 -40.494907 37.409534 -38.21608 41.99549 -30.366001 23.561193 -39.143986 6.276766 11.845779 -49.19127 10.332036 -21.047884 -40.36311 26.397955 37.21674 -37.027912 -3.9425743 -12.655844 -26.822662 -14.522672 -26.104197 -7.7534614 32.182 45.42976 10.184171 -19.356207 -1.9703677 36.31814 4.724224 35.340946 10.950079 41.46505 4.194965 35.696266 -30.693787 -28.579775 -31.278463 -24.237467 -18.493605 31.21511 -45.708652
-34.003128 39.318714 -38.087444 -29.712786 25.730839 28.789757 -13.85677 49.455612 -24.612864 -41.964443 -42.968914 25.976147 17.590002 -4.459073 5.0237746 -15.625072 37.023697 -11.69152 9.158836 -6.8432684 -7.5166545 41.975517 13.298853 -20.34584 13.092219 -25.120872 3.1868331 6.053748 46.768227 26.765457 29.542526 25.504179 11.409751 4.5357885 34.099537 -25.969704 43.88901 27.73084 39.81832 4.379285 -20.92322 -48.172543 19.934696 -6.615916 2.2249215 -22.061779 3.2972934 35.263844 -46.75697 17.812702
-42.765945 -26.193483 15.372355 -27.795246 10.160771 30.275515 4.8912635 7.015614 14.410824 -2.0658185 -34.119953 27.45215 -47.2269 49.866795 -20.72454 -48.674232 40.915977 36.58036 32.698322 -25.023623 -43.14233 -33.529106 16.77234 -4.389037 -7.4602323 27.076082 16.973078 -6.625663 -15.395424 19.96893 -0.75980854 29.940397 2.9859304 12.313382 35.305683 -38.02685 -1.3240818 -26.512327 25.752361 13.43114 28.923117 40.53975 -43.883022 -26.671223 30.141172 -18.314661 -31.231136 -15.75404 8.303793 25.81847
-6.3327503 -18.386055 -31.05978 41.95973 18.321857 29.878572 9.425241 -23.38789 48.04885 -38.796833 13.872995 -17.028114 -26.495852 -1.9675051 6.1821833 -48.00029 43.76773 -36.807335 4.4888325 32.748764 37.844162 -15.10275 39.666573 -42.68994 43.157276 12.318535 43.36982 40.69176 6.036644 -49.103794 -15.241066 -3.7117918 -6.5930915 -40.354733 -37.270687 -31.634594 -14.051941 -38.38171 -21.463442 -6.1380672 0.09289407 -14.935161 -15.310934 1.4671141 -16.456438 -21.999361 26.660519 -28.42931 30.011347 -32.9184
-26.36548 0.446988 -16.112963 2.0546558 -3.2378285 18.685057 41.907154 30.591625 -39.27445 -24.049196 39.611332 -4.680568 3.0251129 -13.078491 -18.255896 47.50828 16.64164 14.62193 5.7727203 -49.06759 -13.6628685 -9.892512 9.5251875 -26.830984 -7.7734957 15.060161 39.200783 3.3607218 35.895706 2.4057887 -18.362717 6.864815 -38.86455 35.74979 -31.351974 -31.593248 -46.285675 39.924896 -31.143911 -27.945875 -29.241005 -12.710794 -20.341991 0.23543386 -46.410805 -23.203491 3.1630642 -30.222647 -31.280376 -48.921833
15.531752 21.707754 23.290934 -24.1986 -8.282253 -42.84622 7.546707 16.395391 -9.314239 -35.184418 -5.4290595 -34.020405 19.73973 -0.17456928 -36.919765 -13.788036 38.400234 42.95259 5.0999117 -34.308228 41.028194 25.467567 -12.498989 -36.243885 -23.822472 -27.279062 15.891262 30.62803 41.550106 16.499825 -6.65344 -28.01697 17.816776 -11.434915 -33.222992 -41.470642 -12.356716 18.447386 24.68992 16.307196 -44.77268 16.58674 31.588844 36.345745 -39.22735 -11.291942 22.328741 -19.61137 -34.141716 37.776924
0.68820256 40.109085 -14.497715 -0.050895847 48.008423 -15.961073 46.93443 -11.502333 -46.185936 43.784184 -24.14414 13.068 18.333502 41.284935 -16.325165 -46.04272 33.058567 -7.0760956 -42.369404 24.830856 3.7194939 21.067675 35.715736 24.998741 21.84165 -34.7588 43.724937 31.694454 -48.569214 8.291798 44.829506 -16.161295 25.05719 -31.260557 -48.554123 45.110058 -7.9149213 -5.9515305 -29.056318 -32.555157 18.705986 44.679512 -28.466442 18.251554 -20.71832 10.89369 -22.915897 -36.071423 -6.9298363 -32.186733
-45.34184 -28.873138 -31.854515 -0.030977687 18.270147 15.111602 31.978985 23.217598 -5.9799795 45.193092 -37.45232 27.939468 -45.780613 45.850266 -21.730558 -6.3502707 11.19733 -17.447699 -16.767233 -41.511497 28.767168 -32.148163 18.928957 1.3466793 -44.55579 13.335502 26.680693 -14.725763 -10.237971 25.763573 -44.431297 -2.187495 30.5101 4.160394 11.668179 -42.154064 29.340975 -40.309704 29.49184 -39.656197 30.067122 16.982046 3.2686214 -6.54357 -18.875216 1.3092878 1.6967113 46.518173 37.3987 -36.43173
36.31272 -2.486857 9.905233 48.453197 -16.95191 -18.69081 38.868534 -10.635015 15.538393 26.43624 28.220934 41.181904 16.903435 -5.989493 -37.7808 15.870984 46.70055 9.567555 42.921432 -18.035418 7.3144693 -10.467855 -5.424781 21.409843 -0.2828096 -44.89716 -31.088682 15.062578 -33.081543 0.56816906 -13.169403 -13.343006 -9.905616 -1.6716398 31.766851 -25.144133 12.547568 -49.205173 24.570854 41.141644 -20.875326 45.88318 30.176937 0.1729851 -36.830482 -16.364414 -17.12711 42.115803 -7.7991934 18.19264
-16.181814 -42.152145 -38.55902 -22.946718 26.08143 -30.218254 -1.2056459 39.707653 -11.54627 -8.182979 10.396912 22.583117 32.70797 -34.494915 23.362907 -11.901377 1.2326356 10.074382 23.380161 -24.884445 33.29011 -26.775387 -35.253384 29.047651 -45.301456 -8.468589 -45.838425 -11.782673 5.7969565 -32.62401 -4.035984 -32.198418 -3.9638228 -6.4508796 18.399033 -34.54444 -0.019021219 -5.3635917 -43.14865 -40.95435 47.0182 6.4251904 -15.313782 -22.478485 -40.806858 -32.326283 -41.93852 -49.710297 -33.081936 -8.306117
-37.057705 -38.082474 -38.97205 26.485985 -33.477135 -42.119812 -29.287998 -31.086685 5.0947866 -36.52528 11.5678625 -9.116676 19.77218 18.694553 2.494931 22.47113 19.137636 -37.15694 49.038834 -17.356794 40.887245 -20.641077 -23.508135 -24.842415 20.696838 37.752617 -37.82735 -27.753857 -19.43691 41.21919 23.925648 -19.181633 18.832907 19.320534 32.51914 41.12802 -35.014526 -31.036186 -7.922936 39.811985 -40.28911 -34.607597 12.302534 42.52812 -19.841125 -10.503157 -14.763654 -7.714597 14.416809 39.377644
24.876463 40.476433 49.66612 -44.567616 46.76379 -23.037584 18.757938 -37.12422 -46.008636 -29.279959 -6.074428 -38.550083 29.404896 -4.1207123 -37.587177 -47.175182 37.06388 2.1109064 -38.68348 48.490883 -4.3504705 -30.70061 15.950524 -19.67364 -44.585686 -7.627398 -16.713457 47.922424 5.41247 -8.891532 -10.349449 -29.893171 -16.064573 15.572308 36.263657 -49.08059 18.832758 10.987398 -48.09986 -16.614449 -27.8374 -1.3059244 33.264915 -23.828405 -46.67951 47.030262 -21.73037 -5.298777 -6.3533373 43.34208
6.2791247 -22.561892 42.704216 -21.490229 -4.448846 8.128889 -37.923798 -24.921957 -16.15255 21.45867 24.824432 -10.862312 36.724976 30.92084 32.441345 -47.482487 38.563026 49.65439 -40.286972 -33.783607 8.913869 -8.322499 2.5875344 5.477211 7.2912526 23.370972 38.11589 22.879753 20.178337 -31.416283 37.323647 -29.521818 -34.236465 -40.684845 41.680496 4.9228435 48.853107 15.242099 -24.025963 -19.91926 3.9390638 4.707207 30.035854 -8.007295 31.457489 -45.664078 17.118626 -19.012125 37.62597 9.700867
