-14.7 47.7 -18.41 49.97 29.18 -6.06 29.92 -40.08 7.03 3.92
-33.03 20.21 -8.12 20.63 -22.45 44.79 40.28 -33.43 44.84 -11.1
-18.42 35.59 48.62 21.62 14.66 -42.31 38.22 -39.4 -23.27 18.4
37.71 34.57 23.94 -14.9 -37.38 26.53 4.49 -28.14 23.84 -48.57
47.15 -21.85 -30.17 31.3 35.44 -30.93 23.86 -7.45 39.2 -2.1
-44.28 -45.89 -17.49 48.08 13.58 -33.66 -29.15 -46.27 3.69 19.32
-13.22 -37.94 -2.54 -25.9 -37.78 36.67 -42.14 31.43 -7.57 -34.45
24.18 -10.1 -20.15 35.81 34.07 -8.54 -34.34 40.96 38.84 -43.22
-23.96 -14.23 41.46 -25.65 -14.29 31.0 5.13 -34.24 -38.97 38.91
42.3 -29.99 -10.11 -11.43 -33.14 -39.95 -45.62 42.78 47.8 -6.97
