36.51444990430211 32.25018357390397 -43.3897912510393 8.128740578433913 13.542151399584753 46.79467308896926 -16.07725354877718 39.83583935124719 49.35051212400255 11.24788001792325 -38.869791444508664 -21.17146010986154 -2.219601289567777 -32.71273889625902 -47.309102793022774 9.178047941846401 -20.88973528569249 32.088322879232805 -30.680678157682806 15.545200205008996 41.01620618976237 28.128027288877618 43.57474651046192 31.960408590692495 47.619371637401926
3.9557914454809477 30.86272325403047 30.49457059375962 35.331317049486486 18.306163831751675 21.531072575385963 -27.988957039605978 42.08209004716531 26.605662303820125 24.82507228909651 -17.14888476035963 40.10949064442832 40.02237207766093 47.716067233521684 30.410796238532058 19.07388023223035 -48.977269360295594 9.655620039726188 -10.685806822778687 11.844514600900332 14.495867789999622 10.85479402699616 44.08657696484106 42.80518480513497 -36.29931082929746
-7.177627567013232 -6.2202855785333355 -6.449811920570113 11.336594081674612 -21.077581452269968 -23.681165785777814 42.811472981733246 -23.848888863553242 -33.40563727430068 35.817555923748515 -13.6715244627284 -42.232874290632964 -12.302381234220817 15.48788590779219 38.541805173562466 13.151611824435115 39.54856754992987 -25.540304924311506 48.477609584974076 24.320575941597397 -41.76140512896187 -17.561586796216076 8.154464424407294 29.831709359401074 -23.784900858205006
39.748827385899915 11.477409660691606 24.472690359355198 -25.52073565532609 34.047930177362005 -11.614636700167082 -12.203020871423753 46.719808469678384 -3.64196890552423 16.717619382177716 -36.8847915291819 -1.7815380025210317 -9.025103882566611 27.226975099700084 -27.117876438386233 -1.35807981742294 -19.053920733062434 8.227343008458888 34.328319562323784 -14.725847737733801 48.609292434148614 -43.91034182199894 45.23000305133854 0.822215039371585 13.39631376555932
-46.90703556333508 -33.17632306034933 -1.2478756601593588 31.974739344328 -46.06975693248897 32.108953383979866 -13.736963509498345 34.587085042301254 -25.28746953370683 -12.558622317696575 -2.898832389864161 10.108060175500974 29.38778671158147 19.35007062591876 -16.22245214817324 -15.946302772530274 31.040763651452224 41.890937395677796 -16.402949953976297 -0.913382712499974 38.33491439772639 2.7198389946997494 -42.65671769640016 -1.6528567434390382 29.539490381414396
3.9673115744364083 -44.43179280254158 -8.456872075494914 4.458473179229593 -47.400474424379865 17.90515048439859 -13.688353774076766 -35.33784362747624 -7.685909567140712 -18.92010323660842 -43.51946484381038 -46.64321135156991 31.85566883555765 -18.103060759308686 40.82105393090963 31.944714914388825 44.21494329441035 -20.086517874717092 48.61505219625177 34.083020197412495 -35.56355723343695 -21.451980431614427 33.30926830826709 -27.712036854778088 20.797766379397288
-32.41038149991948 -20.09020207771194 -37.26189818060166 -30.32593063797532 24.205215159828626 -3.826486116281515 43.073219878245865 -22.278230721767844 -11.336043859768893 -13.874342474843537 22.681404851169304 27.593885945085276 -27.52914556442404 -36.372996194637196 -6.654197962841849 46.65104505827266 43.36253985238457 -20.697719143694414 -43.8627885350947 17.518890115198374 -41.45870853489204 -5.719695773381183 30.91338864442922 24.61385144684064 -29.805428339208117
-19.23113763749271 -1.0352109947931538 -19.905403693012936 -15.327810920517969 -36.77437439980052 -44.37891199844371 27.73075624371127 -48.745702305385294 -31.346587776145228 -26.994497386070794 6.4748478939974135 44.63607447365271 36.92621115800637 -16.794555341908215 -11.93467306881373 33.8656333483254 -0.5243096607367335 -17.693425600308274 -36.97114357146538 -11.546473101731145 4.24160095507137 16.8624579399075 40.12533413250085 2.5989220129282202 -17.825382247701526
7.295464644565051 48.06524485701847 29.901548898721558 -19.930476009836905 -45.361963503922624 44.46123336454686 -8.962551072248345 -23.577299388500528 -10.668432689928451 -3.5502427751434666 -42.53515274031662 41.54746381253567 43.331104178046914 -39.36965234741592 14.778237440963679 -5.999198022390907 -22.94274851115429 -41.25531660939764 46.725845787984724 -14.336283738510893 -35.17362410651667 19.90171650720977 11.913285537407113 33.94232697535493 -31.336450176135997
-8.673195663974312 -16.29832765302892 -26.846884514699653 9.204659897384069 44.12168579239713 -2.2842553073995404 17.494301772489408 9.892179841157343 -24.4852772313226 39.716426958626414 23.26704083534925 -18.525672159431917 0.21979753915483258 6.024203546727399 17.79767170260807 -0.0439160616660601 -21.50208110029659 -16.3296676322336 -47.14823347510667 40.409451393016454 -36.505919021755474 -5.54785021519146 44.00764176458793 -28.475393729115584 -36.15858766434019
-29.046805173489243 -29.54197423156565 4.202287915416925 13.009623235295166 -19.108498445700395 48.65654763690492 23.091921695791285 -49.09530936598079 -21.782154713301203 -0.9642144951279477 -45.34447084843999 8.076677118186218 13.16387909535878 -4.325776335739896 -19.490838964292767 24.849286613802306 49.080192508301366 -20.561220721494223 -40.01705218325353 41.38557927496568 -37.324921682716635 -12.321866342968903 -35.93025192050109 -5.585698841877203 -0.7806128511687405
32.21437170618108 24.47165042962854 22.70186598686479 49.103059448713964 3.7808622912322107 34.767119026964366 -12.669749396078522 4.9568367628891465 -0.6293289141108573 -35.55498778392061 27.023080817535842 4.336781414455807 48.074955547418654 17.86894725306972 -41.95110955458268 -35.94633726285707 -5.096689289455966 -0.6615544609576602 -44.32501059642762 -48.7850413992025 10.762310333751657 30.530973529569366 49.47971532895133 39.407597598988545 36.05513934903631
38.08502237163182 -22.83885661273838 -15.220373303860654 -10.598134000664118 38.19354156348811 -48.68317746932732 9.083144488341453 -1.753107797794783 37.54993960390223 -9.122389950488817 -41.181402191635144 -46.426471238915866 -9.011202412981412 -9.303696510540192 23.668949736564443 16.509862899345734 26.49646146597928 -25.81776196910921 43.36687401582738 21.724657577712733 23.19920010372431 12.411099919194179 -18.72439030450027 41.86521681829596 -42.25909891569161
47.97121582419793 18.47060227153989 -23.178211510898006 37.17663063951731 -23.5451091360527 -35.719190590647365 -25.295020025954784 -29.234625262951084 -30.222957766716153 -40.429031710517826 -5.381715309072234 -26.075905469954098 30.699792871890224 -49.30592707770034 4.148941991200175 33.05004618710437 -13.966927621532797 15.82720368686654 -13.671861872352878 -31.390271417149496 -41.254787965942306 -21.085375138651607 -13.67162138659073 19.65630193802761 -28.805854694292798
34.5776942049889 -14.111452075806405 -43.57073539333215 -9.97135779584736 -0.03262880410599678 -18.700431419561735 42.617503684848586 42.71290747507662 -26.473600042504298 5.228497282108712 -3.8868990496361278 -9.198898773406164 14.473847048746705 11.450067138305187 37.767415888842976 -43.39663951117997 -20.26692577733744 -24.603839285859273 -48.4198689101193 14.091613701066379 -11.87889573598472 6.980330037974134 30.015620019761485 16.664492809569026 28.791255326402123
-2.2961604414958074 6.182624905257242 13.397185161741987 -30.038760818695522 43.24693095913807 -6.571599471426325 -30.40482127121641 6.821486826105691 -32.96864317519386 -5.008824684313886 -2.4398788458100924 31.206701170835444 -26.673283365399058 28.593284382434874 4.055289165830786 10.773875540740818 -24.14597316921553 -6.421809620857708 5.840410009002362 -35.85080148914521 -4.470968273621004 2.4185889925105286 38.525054043075116 -20.311303943189795 5.547691218200448
25.871682652154647 -18.74237594875281 -24.544244592846198 40.25171547218419 25.13353185915099 8.144519915877112 -33.02979343361237 -11.487923021710792 -24.949621843012725 2.907905426441218 22.274720528143746 -24.43259384108879 -32.87096264254045 21.883345973293288 9.732730889075988 -41.72662130770646 -24.051812303390175 -27.20559654399296 -18.569659822764827 31.6464538092507 40.795157558221035 -27.432096172473763 -6.556466552685883 -37.065849572397255 26.080157512227956
-22.03353440575012 -49.09196284697007 22.508997522151958 25.852942542548135 27.011436692630383 38.51743622253397 -27.244772290746667 -35.490742575162685 46.48677175773747 -5.434472729953164 -8.249827585761771 -36.69306821577521 -39.28823117290785 39.44005069250073 -16.767727400023546 18.05025171269456 2.5597899590918374 27.746247120636014 -4.602863050039339 -18.002347786679216 -18.865478046390482 6.692460229303023 43.25708538053527 -14.66058619606342 -42.899251567612666
18.64048529324306 -37.10876529044954 -33.28167410699814 22.829987010271267 -27.254916153449916 -41.30679493795408 20.70068560996485 -25.67147135025255 33.719615794002706 -15.941998290978745 47.12789644694993 -16.814373439483568 16.256846612587026 0.3703211671579467 21.125953176348148 43.936445888607665 -22.33372554386167 -38.612591739485644 -28.61635221169393 9.984490190729801 -9.37146439067461 20.18162489989021 -2.708384994668414 4.666016620423939 -15.408817127414196
12.543847364969217 29.724556856456857 -37.796867644689954 7.6008216967746876 -38.332771743079796 -35.402342204913055 41.30406021039377 17.143899054814227 26.799830098249387 -48.40150939840267 -22.92069878321331 27.30101248168026 -27.96672193593516 26.059768932422685 24.709397084647705 -1.7305934263355596 -25.566364635899696 -27.3811793391724 23.049570219463305 7.640222037464781 26.012058207503756 -48.2579654997548 11.16011078892997 13.40983264985391 2.5595543237084044
16.82429111904726 6.294068216410821 -8.038828183286881 -8.535481784148125 -20.692556639784943 49.02610530444335 -32.627350669093076 45.16904101363292 1.5956327238140204 48.25406273804393 -34.74670800514645 -21.233654531921474 -34.96625116680671 19.258914108336086 -38.09058682378823 -34.61820061982935 25.35712316150483 -28.935366673229602 23.619950007784624 -5.121130932425608 29.88073596384946 7.912593761269079 -33.16793623632114 -27.640078294073245 9.424693276086984
41.142477603246846 41.78387364785307 9.245289859739316 35.16869475514379 4.9322440449826175 -46.29912008163936 -17.396025647844226 45.05126278113521 -36.60017056894493 -48.06264812591783 1.877680436029138 -39.31002247167913 -12.061706227164912 -34.55146449135962 19.899952498554953 36.32207155936224 -29.271820173733264 -9.30674043154491 -23.825930380947014 40.933954096359585 -40.34534794929068 0.40414492644013933 3.6639985526153964 33.09742167787073 10.203030673344479
-10.132065634627182 -13.94610329525355 -2.8858528183315926 -47.98012000011364 -48.9987977315298 14.240462531629262 -39.705004764104345 11.193513958579949 34.50076917902571 -48.612390591178354 17.03913696650386 13.398693060840031 25.25400460665361 33.58702287890482 10.007359336001564 -48.48772048182091 -10.507455595943242 -15.918722023203358 -24.033735647301057 48.66535208462693 15.05868408842241 -47.57164836688395 22.71954531614699 -43.37976770217289 26.93517151226669
-2.3640423100434163 -44.24749216528053 15.258693961931257 -34.7910503219053 1.4649696195707094 47.52063481726029 17.903442547525557 49.278894393950495 -20.989496600265923 -17.566024112088577 10.785464042450222 -23.70773981581211 -32.44079761442897 -2.7908994872622515 36.44986220539245 13.219306325028114 34.42313543198304 0.970165452305281 38.109731238170994 -4.655440383616892 -34.25590536704245 -13.425895034630095 -45.93051913329833 22.837062804282738 -38.264480087158184
18.14815661829229 -20.751598113906834 14.4423017456798 -29.727634568122063 -49.629051504641055 -34.28858765962016 -28.639805384872684 46.435547965782675 -22.266015922450556 9.66922807776401 37.70712848668077 -45.090422173393584 -10.725837708030085 -41.7033453616018 -40.504223713044276 -5.73946194113207 -32.044888835426775 3.062084843371018 46.7461740363689 -2.635351698606982 -21.2453248780461 11.360478808492715 -43.71258879173124 -43.31941177443822 -46.883823617258116
