0.557788945 0.507537688 0.457286432 0.387035176 0.256281407 0.0 0.0 0.0 0.0 
0.557788945 0.507537688 0.457286432 0.336532663 0.256281407 0.0 0.0 0.0 0.0 
0.608040201 0.507537688 0.457286432 0.387035176 0.256281407 0.0 0.0 0.0 0.0 
0.557788945 0.507537688 0.457286432 0.336532663 0.256281407 0.0 0.0 0.0 0.0 
0.608040201 0.507537688 0.457286432 0.387035176 0.256281407 0.0 0.0 0.0 0.0 
0.608040201 0.507537688 0.457286432 0.387035176 0.256281407 0.0 0.0 0.0 0.0 
0.557788945 0.507537688 0.457286432 0.387035176 0.256281407 0.0 0.0 0.0 0.0 
0.457286432 0.387035176 0.336532663 0.256281407 0.155778894 0.0 0.0 0.0 0.0 
0.557788945 0.507537688 0.457286432 0.336532663 0.206030151 0.0 0.0 0.0 0.0 
0.658291457 0.608040201 0.557788945 0.457286432 0.336532663 0.0 0.0 0.0 0.0 
0.507537688 0.457286432 0.387035176 0.256281407 0.155778894 0.0 0.0 0.0 0.0 
0.457286432 0.387035176 0.336532663 0.206030151 0.105527638 0.0 0.0 0.0 0.0 
0.608040201 0.507537688 0.457286432 0.336532663 0.206030151 0.0 0.0 0.0 0.0 
1.0 0.909547739 0.859296482 0.708542714 0.557788945 0.0 0.0 0.0 0.0 
1.0 0.959798995 0.909547739 0.809045226 0.708542714 0.0552763819 0.00502512563 0.0 0.0 
0.959798995 0.859296482 0.75879397 0.658291457 0.457286432 0.0552763819 0.0 0.0 0.0 
1.5 1.0 1.0 0.959798995 0.859296482 0.00502512563 0.0 0.0 0.0 
1.5 1.5 1.0 1.0 0.809045226 5.14285714 0.0 0.0 0.0 
