0.909547739 0.0 0.0 0.0 0.0 0.0 0.0 0.0 0.0 
0.909547739 0.0 0.0 0.0 0.0 0.0 0.0 0.0 0.0 
0.909547739 0.0 0.0 0.0 0.0 0.0 0.0 0.0 0.0 
0.909547739 0.0 0.0 0.0 0.0 0.0 0.0 0.0 0.0 
0.909547739 0.0 0.0 0.0 0.0 0.0 0.0 0.0 0.0 
0.909547739 0.0 0.0 0.0 0.0 0.0 0.0 0.0 0.0 
0.909547739 0.0 0.0 0.0 0.0 0.0 0.0 0.0 0.0 
0.909547739 0.0 0.0 0.0 0.0 0.0 0.0 0.0 0.0 
0.909547739 0.0 0.0 0.0 0.0 0.0 0.0 0.0 0.0 
0.909547739 0.0552763819 0.0 0.0 0.0 0.0 0.0 0.0 0.0 
0.909547739 0.0 0.0 0.0 0.0 0.0 0.0 0.0 0.0 
0.909547739 0.0 0.0 0.0 0.0 0.0 0.0 0.0 0.0 
0.909547739 0.0 0.0 0.0 0.0 0.0 0.0 0.0 0.0 
0.909547739 0.0552763819 0.0552763819 0.0 0.0 0.0 0.0 0.0 0.0 
0.909547739 0.0552763819 0.0552763819 0.0 0.0 0.0 0.0 0.0 0.0 
0.909547739 0.0552763819 0.0552763819 0.0 0.0 0.0 0.0 0.0 0.0 
0.909547739 0.105527638 0.105527638 0.0552763819 0.0 0.0 0.0 0.0 0.0 
0.909547739 0.105527638 0.0552763819 0.0552763819 0.0 0.0 0.0 0.0 0.0 
