0.909547739 0.0552763819 0.0 0.0 0.0 0.0 0.0 0.0 0.0 
0.909547739 0.256281407 0.206030151 0.155778894 0.105527638 0.0 0.0 0.0 0.0 
0.909547739 0.256281407 0.256281407 0.206030151 0.105527638 0.0 0.0 0.0 0.0 
0.909547739 0.387035176 0.387035176 0.336532663 0.206030151 0.105527638 0.0 0.0 0.0 
0.909547739 0.0552763819 0.0552763819 0.0 0.0 0.0 0.0 0.0 0.0 
0.909547739 0.336532663 0.336532663 0.336532663 0.206030151 0.105527638 0.0 0.0 0.0 
0.909547739 0.336532663 0.256281407 0.206030151 0.155778894 0.0 0.0 0.0 0.0 
0.909547739 0.336532663 0.336532663 0.256281407 0.155778894 0.0 0.0 0.0 0.0 
0.909547739 0.206030151 0.206030151 0.155778894 0.0552763819 0.0 0.0 0.0 0.0 
0.909547739 0.256281407 0.206030151 0.155778894 0.0552763819 0.0 0.0 0.0 0.0 
10.0 10.0 10.0 10.0 10.0 10.0 10.0 0.105527638 0.0 
0.909547739 0.387035176 0.387035176 0.336532663 0.256281407 0.105527638 1.0 0.0 0.0 
0.909547739 0.457286432 0.387035176 0.336532663 0.336532663 0.155778894 1.0 0.0 0.0 
0.909547739 0.206030151 0.206030151 0.206030151 0.155778894 0.0552763819 1.0 0.0 0.0 
0.909547739 0.206030151 0.206030151 0.155778894 0.105527638 0.0 0.0 0.0 0.0 
10.0 10.0 10.0 10.0 10.0 10.0 10.0 10.0 0.0 
0.909547739 0.206030151 0.206030151 0.155778894 0.0552763819 0.0 0.0 0.0 0.0 
0.909547739 0.608040201 0.608040201 0.608040201 0.557788945 0.457286432 1.0 0.206030151 0.105527638 
0.909547739 0.608040201 0.608040201 0.557788945 10.0 8.78571429 1.0 0.155778894 0.0 
0.909547739 0.557788945 0.557788945 0.557788945 0.557788945 10.0 10.0 7.57142857 0.387035176 
