161.3256810125032 2.0 10.0
161.3256810125032 2.0 10.0
161.3256810125032 2.0 10.0
161.3256810125032 2.0 10.0
161.3256810125032 2.0 10.0
161.3256810125032 2.0 10.0
161.3256810125032 2.0 10.0
161.3256810125032 2.0 10.0
161.3256810125032 2.0 10.0
161.3256810125032 2.0 10.0
161.3256810125032 2.0 10.0
161.3256810125032 2.0 10.0
161.3256810125032 2.0 10.0
161.3256810125032 2.0 10.0
161.3256810125032 2.0 10.0
161.3256810125032 2.0 10.0
162.0636971232318 2.0 10.0
162.90732626275997 2.0 10.0
213.33424155006543 2.0 10.0
195.87285084503006 2.0 10.0
