-7581170.911202 -5584083.823875 -4024588.227316 -2840837.610821 -1970985.463686 -1353185.275209 -921329.483218 -616971.448948 -406458.791568 -262132.150530 -163377.996608 -98710.321627 -60114.972491 -32378.354818 -15941.689344 -8236.280069 -5424.615146 -2586.207643 -1196.543307 -406.836231 -40.698752 49.989394 13.348474 -5.132485 -0.316751 2.281615 3.067529 2.635628 1.580550 0.496933 0.000162 -0.094097 -0.172866 0.121397 0.782743 2.469967 13.211933 45.543551 187.546159 
polydeg: 3 :: time: 0.0059 (ms)
-7472794.579053 -5460470.459972 -3932297.869527 -2792134.473807 -1956121.378222 -1352683.127497 -922081.496282 -618022.745755 -406635.239164 -262140.635769 -164601.710456 -100718.706148 -60563.671744 -34486.519735 -18936.454086 -10230.874356 -5427.744383 -2624.500482 -1202.520736 -472.534117 -150.685538 -42.095957 -15.854014 -5.141248 -0.462062 1.607021 1.972565 1.478064 0.748658 0.191137 0.003491 0.315061 0.440024 0.153395 1.419064 7.496786 18.628256 60.497172 193.704510 
polydeg: 4 :: time: 0.0065 (ms)
-7437718.761907 -5425041.478272 -3909264.577153 -2781783.248077 -1953512.729888 -1352613.598602 -922217.055253 -618150.213751 -406674.932463 -262144.486921 -165279.987623 -101686.381077 -60747.350160 -35338.494365 -19890.290686 -10695.359059 -5430.378027 -2651.882703 -1208.152748 -523.378525 -217.294817 -82.365887 -23.709781 -5.189887 -1.226802 -1.550621 -2.515504 -2.592919 -1.692840 -0.528369 -0.000088 0.167479 0.265957 0.146761 1.141970 5.895450 19.903792 65.209628 196.135690 
polydeg: 5 :: time: 0.005 (ms)
-7427688.132772 -5416190.880426 -3904315.657121 -2779908.828454 -1953125.474553 -1352605.468155 -922190.180990 -618121.853070 -406671.380693 -262143.999769 -165216.036980 -101559.829546 -60716.964094 -35184.125363 -19682.673978 -10578.284337 -5429.501981 -2641.790472 -1207.258240 -511.854103 -198.118180 -68.553147 -20.626804 -5.158169 -0.924825 0.382812 0.953350 1.002211 0.624984 0.175332 0.003772 0.052611 0.069812 0.136270 0.991486 5.185155 20.626692 68.518212 198.203028 
polydeg: 8 :: time: 0.01 (ms)
-7427658.739646 -5416169.448146 -3904305.912314 -2779905.883636 -1953125.000000 -1352605.460595 -922190.162669 -618121.839510 -406671.383849 -262144.000000 -165216.101263 -101559.956668 -60716.992766 -35184.372089 -19683.000000 -10578.455953 -5429.503679 -2641.807540 -1207.269218 -512.000000 -198.359290 -68.719477 -20.661047 -5.159780 -1.000000 -0.134218 -0.010078 -0.000262 -0.000001 0.000000 0.000001 0.000262 0.010078 0.134218 1.000000 5.159780 20.661047 68.719477 198.359290 
polydeg: 9 :: time: 0.0077 (ms)
-7427658.739648 -5416169.448147 -3904305.912314 -2779905.883636 -1953125.000000 -1352605.460595 -922190.162669 -618121.839510 -406671.383849 -262144.000000 -165216.101263 -101559.956668 -60716.992766 -35184.372089 -19683.000000 -10578.455953 -5429.503679 -2641.807540 -1207.269218 -512.000000 -198.359290 -68.719477 -20.661047 -5.159780 -1.000000 -0.134218 -0.010078 -0.000262 -0.000001 -0.000000 0.000001 0.000262 0.010078 0.134218 1.000000 5.159780 20.661047 68.719477 198.359290 
polydeg: 12 :: time: 0.0096 (ms)
-7427658.739657 -5416169.448151 -3904305.912316 -2779905.883636 -1953125.000000 -1352605.460595 -922190.162669 -618121.839510 -406671.383849 -262144.000000 -165216.101263 -101559.956668 -60716.992766 -35184.372089 -19683.000000 -10578.455953 -5429.503679 -2641.807540 -1207.269218 -512.000000 -198.359290 -68.719477 -20.661047 -5.159780 -1.000000 -0.134218 -0.010078 -0.000262 -0.000001 0.000000 0.000001 0.000262 0.010078 0.134218 1.000000 5.159780 20.661047 68.719477 198.359290 
polydeg: 19 :: time: 0.0101 (ms)
