0.065751 0.072814 0.080546 0.089485 0.100167 0.113128 0.128840 0.147891 0.171221 0.199999 0.235782 0.280887 0.337867 0.418550 0.514439 0.620946 0.735395 0.863238 0.959788 0.983294 0.939957 0.849856 0.733069 0.609782 0.500408 0.410882 0.338559 0.280937 0.235512 0.199783 0.171221 0.147866 0.128778 0.113118 0.099991 0.088955 0.079608 0.071609 0.064757 
polydeg: 3 :: time: 0.0056 (ms)
0.064104 0.070934 0.079143 0.088745 0.099941 0.113121 0.128871 0.147934 0.171235 0.199999 0.234193 0.278279 0.337284 0.402728 0.491964 0.605976 0.735418 0.863522 0.959864 0.984125 0.941349 0.851021 0.733438 0.609775 0.500587 0.411715 0.339910 0.282365 0.236538 0.200160 0.171231 0.147915 0.128850 0.113122 0.099998 0.088966 0.079620 0.071640 0.064770 
polydeg: 4 :: time: 0.0069 (ms)
0.065117 0.071958 0.079808 0.089044 0.100016 0.113123 0.128867 0.147930 0.171233 0.200000 0.235518 0.280169 0.337643 0.408498 0.498423 0.609122 0.735375 0.863079 0.961116 0.995424 0.956151 0.859970 0.735184 0.609755 0.499764 0.408314 0.335078 0.277981 0.233909 0.199385 0.171230 0.147931 0.128870 0.113122 0.100001 0.088969 0.079617 0.071630 0.064765 
polydeg: 5 :: time: 0.0085 (ms)
0.070553 0.076009 0.081682 0.089616 0.100108 0.113124 0.128870 0.147932 0.171232 0.200000 0.236069 0.281347 0.337940 0.406192 0.494581 0.606571 0.735320 0.862446 0.961195 0.996006 0.956395 0.859632 0.734997 0.609750 0.499912 0.409336 0.337067 0.280230 0.235498 0.199916 0.171234 0.147932 0.128870 0.113122 0.100000 0.088969 0.079616 0.071624 0.064760 
polydeg: 8 :: time: 0.01 (ms)
0.079145 0.082274 0.084531 0.090476 0.100247 0.113126 0.128876 0.147936 0.171231 0.200000 0.235890 0.280993 0.337861 0.407872 0.496801 0.607739 0.735326 0.862504 0.961370 0.998331 0.960237 0.862282 0.735542 0.609744 0.500073 0.410449 0.339142 0.282389 0.236844 0.200294 0.171234 0.147925 0.128861 0.113122 0.100001 0.088966 0.079621 0.071652 0.064782 
polydeg: 9 :: time: 0.0156 (ms)
-1.023671 -0.623706 -0.195533 0.017142 0.090086 0.112988 0.128594 0.147762 0.171265 0.199998 0.236069 0.281442 0.337984 0.408236 0.497233 0.607928 0.735308 0.862297 0.961354 0.997926 0.959206 0.861305 0.735284 0.609748 0.500094 0.410529 0.339152 0.282231 0.236630 0.200199 0.171227 0.148011 0.128987 0.113127 0.099973 0.089066 0.079457 0.070514 0.063743 
polydeg: 12 :: time: 0.0112 (ms)
267.743423 137.123833 43.207509 8.966807 1.057548 0.123134 0.144442 0.155147 0.170211 0.200050 0.232091 0.274345 0.336623 0.416004 0.507242 0.612812 0.735271 0.861900 0.961509 1.000054 0.962674 0.863554 0.735698 0.609770 0.499484 0.403888 0.320825 0.255546 0.214504 0.192330 0.171523 0.141979 0.117063 0.112442 0.104599 0.067228 0.125234 0.477291 0.534020 
polydeg: 19 :: time: 0.0176 (ms)
