0.063271 0.069558 0.077683 0.087648 0.099452 0.113095 0.128981 0.148201 0.171377 0.200005 0.236869 0.283030 0.338466 0.413534 0.505362 0.612618 0.735018 0.852221 0.961318 1.004420 0.987501 0.910564 0.773607 0.609780 0.499337 0.404955 0.326657 0.264444 0.218314 0.188268 0.171152 0.147602 0.128206 0.113064 0.099905 0.088898 0.079558 0.071401 0.064586 
polydeg: 3 :: time: 0.0341 (ms)
0.065751 0.072814 0.080546 0.089485 0.100167 0.113128 0.128840 0.147891 0.171221 0.199999 0.235782 0.280887 0.337867 0.418550 0.514439 0.620946 0.735395 0.863238 0.959788 0.983294 0.939957 0.849856 0.733069 0.609782 0.500408 0.410882 0.338559 0.280937 0.235512 0.199783 0.171221 0.147866 0.128778 0.113118 0.099991 0.088955 0.079631 0.071701 0.064833 
polydeg: 4 :: time: 0.0248 (ms)
0.064104 0.070934 0.079143 0.088745 0.099941 0.113121 0.128858 0.147916 0.171231 0.200000 0.235928 0.281127 0.337921 0.413708 0.507561 0.616365 0.735331 0.862456 0.961566 1.002838 0.972677 0.877250 0.741756 0.609741 0.499641 0.407321 0.332779 0.274826 0.231121 0.198169 0.171228 0.147958 0.128914 0.113125 0.100003 0.088973 0.079612 0.071597 0.064726 
polydeg: 5 :: time: 0.0417 (ms)
0.062680 0.069923 0.078739 0.088665 0.099944 0.113121 0.128863 0.147926 0.171234 0.200000 0.235818 0.280808 0.337807 0.407936 0.497145 0.608091 0.735348 0.862769 0.961311 0.997693 0.959456 0.861972 0.735537 0.609744 0.499910 0.409328 0.337050 0.280210 0.235484 0.199912 0.171235 0.147937 0.128876 0.113123 0.099998 0.088974 0.079608 0.071555 0.064652 
polydeg: 8 :: time: 0.0463 (ms)
0.070553 0.076009 0.081682 0.089616 0.100108 0.113124 0.128870 0.147932 0.171232 0.200000 0.235822 0.280816 0.337809 0.409166 0.498953 0.609163 0.735332 0.862588 0.961498 1.000392 0.964352 0.865716 0.736402 0.609741 0.500161 0.411214 0.340927 0.284708 0.238652 0.200933 0.171235 0.147918 0.128850 0.113122 0.100003 0.088955 0.079642 0.071854 0.065116 
polydeg: 9 :: time: 0.0524 (ms)
-0.294508 -0.165119 -0.017086 0.062893 0.096280 0.113070 0.128757 0.147860 0.171247 0.199999 0.235950 0.281156 0.337909 0.408309 0.497345 0.607994 0.735319 0.862423 0.961427 0.999030 0.961253 0.862855 0.735627 0.609746 0.500143 0.410943 0.340053 0.283294 0.237361 0.200420 0.171220 0.148141 0.129221 0.113140 0.099890 0.089466 0.078540 0.060394 0.044262 
polydeg: 12 :: time: 0.0577 (ms)
127.597476 66.820573 21.555699 4.609661 0.598638 0.118454 0.137346 0.151945 0.170652 0.200029 0.233634 0.276981 0.337105 0.413553 0.504289 0.611475 0.735283 0.862017 0.961549 1.000752 0.964092 0.864695 0.735959 0.609779 0.499146 0.399636 0.307177 0.232321 0.191892 0.182834 0.171946 0.131588 0.092086 0.110664 0.119830 -0.027656 0.404511 4.389075 10.019392 
polydeg: 19 :: time: 0.1563 (ms)
