-7867223.049465 -5959561.550473 -4354711.503022 -3052672.907114 -2053445.762747 -1357030.069923 -916778.424472 -606949.540023 -403532.597074 -262083.339489 -159936.115196 -91927.745899 -58219.187046 -26028.337941 -4449.366633 2306.920897 -5398.178790 -1813.094149 -1185.254761 -250.986738 310.045424 497.841722 312.402159 -5.120808 -0.062164 3.690037 5.895647 6.554664 5.667090 3.232923 0.001706 0.014840 0.062885 0.143563 1.193480 6.507384 29.067784 111.206842 241.630397 
polydeg: 3 :: time: 0.005 (ms)
-7581170.911202 -5584083.823875 -4024588.227316 -2840837.610821 -1970985.463686 -1353185.275209 -921329.483218 -616971.448948 -406458.791568 -262132.150530 -163377.996608 -98710.321627 -60114.972491 -32378.354818 -15941.689344 -8236.280069 -5424.615146 -2586.207643 -1196.543307 -406.836231 -40.698752 49.989394 13.348474 -5.132485 -0.316751 2.281615 3.067529 2.635628 1.580550 0.496933 0.000162 -0.094097 -0.172866 0.121397 0.782743 2.469967 23.967035 90.083286 224.231765 
polydeg: 4 :: time: 0.0059 (ms)
-7472794.579053 -5460470.459972 -3932297.869527 -2792134.473807 -1956121.378222 -1352683.127497 -922527.705680 -618646.536134 -406702.038542 -262146.489173 -165490.105310 -102176.758188 -60889.419555 -36107.785742 -21239.552024 -11764.799850 -5433.128453 -2690.385969 -1210.182112 -556.740264 -291.657554 -160.123386 -53.283361 -5.225472 -1.340926 -2.473029 -4.649949 -5.523067 -4.282752 -1.658361 -0.006065 -0.064758 -0.128917 0.123692 0.886712 3.980852 22.362387 81.190745 215.056351 
polydeg: 5 :: time: 0.0075 (ms)
-7427988.335087 -5416422.923160 -3904427.903849 -2779945.064157 -1953131.741694 -1352605.575891 -922190.464488 -618122.082612 -406671.321729 -262143.995493 -165215.304957 -101558.257677 -60716.576276 -35180.973594 -19678.041539 -10575.537355 -5429.477269 -2641.504502 -1207.196875 -510.965883 -196.506634 -67.320812 -20.342227 -5.153995 -0.853679 0.917840 2.053057 2.277957 1.523584 0.465030 -0.000533 -0.117989 -0.152667 0.127354 1.035880 5.019769 20.925249 71.141838 202.276997 
polydeg: 8 :: time: 0.0092 (ms)
-7427688.132771 -5416190.880426 -3904315.657121 -2779908.828454 -1953125.474553 -1352605.468155 -922190.180990 -618121.853070 -406671.380693 -262144.000265 -165216.125815 -101560.020301 -60717.011158 -35184.562167 -19683.315988 -10578.665042 -5429.505550 -2641.831776 -1207.277256 -512.129352 -198.617578 -68.935032 -20.714991 -5.160786 -1.040792 -0.489284 -0.839174 -1.077259 -0.839737 -0.296876 -0.005438 -0.054373 -0.069706 0.130679 1.019326 5.081440 20.813919 70.163501 200.757835 
polydeg: 9 :: time: 0.0116 (ms)
-7427658.739647 -5416169.448146 -3904305.912314 -2779905.883636 -1953125.000000 -1352605.460595 -922190.162669 -618121.839510 -406671.383849 -262144.000000 -165216.101263 -101559.956668 -60716.992766 -35184.372089 -19683.000000 -10578.455953 -5429.503679 -2641.807540 -1207.269218 -512.000000 -198.359290 -68.719477 -20.661047 -5.159780 -1.000000 -0.134218 -0.010078 -0.000262 -0.000001 0.000000 0.000001 0.000262 0.010078 0.134218 1.000000 5.159780 20.661047 68.719477 198.359290 
polydeg: 12 :: time: 0.0126 (ms)
-7427658.739652 -5416169.448149 -3904305.912315 -2779905.883636 -1953125.000000 -1352605.460595 -922190.162669 -618121.839510 -406671.383849 -262144.000000 -165216.101263 -101559.956668 -60716.992766 -35184.372089 -19683.000000 -10578.455953 -5429.503679 -2641.807540 -1207.269218 -512.000000 -198.359290 -68.719477 -20.661047 -5.159780 -1.000000 -0.134218 -0.010078 -0.000262 -0.000001 0.000000 0.000001 0.000262 0.010078 0.134218 1.000000 5.159780 20.661047 68.719477 198.359290 
polydeg: 19 :: time: 0.0095 (ms)
